100009
100361
109902
110433
112056
113517
11446
114922
115821
11641
116653
117226
117289
117500
117864
119896
120425
122232
123052
123445
125835
126086
127615
128877
131839
131849
13187
132401
135856
136893
137100
139440
139887
140708
142948
143416
145620
14673
146978
147130
147290
147806
147973
149975
15002
150894
15136
152086
154303
154843
155589
155986
15660
157406
158508
158915
159526
159700
159823
16233
164275
164778
166731
16948
170022
170504
171099
171324
171578
173777
174692
175194
175412
175589
175951
179341
181055
181542
182439
184445
185475
186141
187167
187627
187862
191742
192471
193127
194188
194358
195900
19805
198539
198581
2001 QE132
2001 YV71
2003 TJ63
2004 RP249
2004 RQ243
2005 SJ168
2005 UA299
2005 UL171
2006 HC142
2006 SO465
2006 UW338
2006 XS23
2007 RM198
2007 VU225
2007 YO90
2007 YW43
2007 YZ97
2008 DE98
2008 DL100
2008 EX198
2008 JK49
2008 RZ172
2008 SA362
2008 SQ231
2008 YE67
2008 YR181
200982
2010 FL31
2010 KF103
2010 OG22
2010 OX58
2010 RM46
2011 BL185
2011 GU105
2011 SX340
2011 SZ22
2011 WT54
2011 YP98
2012 DM111
2012 KS53
2012 TK378
2012 XQ90
2013 EF169
2013 NK72
2013 PH95
2013 PP125
2013 WC144
2013 YD156
2013 YQ22
2014 BF84
2014 BO82
2014 CF11
2014 HJ529
2014 HW302
2014 KU120
2014 OW64
2014 OX403
2014 QP148
2014 QT580
2014 XL22
2015 AD269
2015 AZ111
2015 BJ605
2015 BP357
2015 HB274
2015 HJ304
2015 HY355
2015 KQ308
2015 MA196
2015 OH127
2015 OK167
2015 OS148
2015 OT116
2015 PA217
2015 PC20
2015 PL104
2015 PS112
2015 PW290
2015 PY204
2015 RG67
2015 TC464
2015 TJ375
2015 TK235
2015 XE497
2015 XH134
2015 XH448
2015 XN179
2015 XY216
2016 AL158
2016 BK78
2016 BR74
2016 CY176
2016 EN188
2016 FW126
2016 NK130
2016 NP31
2016 NZ94
2016 PJ146
2016 PR226
2016 QP111
2016 RT51
2016 TM162
2016 TV197
2016 UC126
2016 UG16
2016 UP12
2016 WF61
2017 OC73
2017 OT165
2017 OZ27
2017 PH40
2017 QL130
2017 QM162
2017 QS118
2017 RN113
2017 RN170
2017 RT76
2017 SC235
2017 SF169
2017 SL263
2017 UU156
2017 UV156
2017 VA33
2017 VJ52
2017 VQ59
2017 VT60
2017 WD82
2017 WG92
2017 YV71
2018 FJ61
2018 GN13
2018 MA26
2018 TA54
2018 TN10
2018 TO84
2018 VX188
2018 WX7
2018 YM28
2019 AW111
2019 BG9
2019 FL11
2019 FR12
2019 GW120
2019 JJ121
2019 JQ70
2019 LZ11
2019 TQ17
2019 UD123
2020 BP111
2020 BP152
2020 DE11
2020 DS10
2020 GJ27
2020 HS161
2020 HZ123
2020 KW12
2020 ON56
2020 OP55
2021 EK45
2021 EO25
2021 GF60
2021 GN67
2021 GX96
2021 MK11
2021 NU64
2021 NZ85
2021 PL83
2021 PM211
2021 PY156
2021 QE82
2021 QP8
2021 RT194
2021 RT213
2021 SA96
2021 SH19
2021 TB45
2021 TC122
2022 AU57
2022 NK14
2022 OG10
2022 PL17
2022 QG165
2022 QH269
2022 QJ97
2022 QQ194
2022 QR271
2022 QT45
2022 QZ98
2022 RC62
2022 SA136
2022 US150
2023 QN67
2023 UG48
2023 UP78
2024 YA53
2025 BJ17
2025 CL13
2025 CW4
2025 KA30
2025 KC28
2025 KD32
2025 KF27
2025 KF31
2025 KH29
2025 KH30
2025 KH31
2025 KL27
2025 KO28
2025 KR29
2025 KS29
2025 KS30
2025 KT30
2025 KT31
2025 KU30
2025 KV28
2025 KV29
2025 KW30
2025 KX29
2025 KZ30
2025 MA119
2025 MA215
2025 MB123
2025 ME121
2025 MN196
2025 MN324
2025 MQ327
2025 MU117
2025 MU324
2025 MV322
2025 MW119
2025 MX322
2025 MZ214
2025 NV4
2025 OW17
2025 PP142
203551
203555
203757
204420
205912
206051
210888
213089
215711
217779
219575
220033
221059
221191
222648
223319
223418
223522
223938
224325
227460
227662
228693
231245
231266
231510
232369
232447
232928
23321
235045
237240
241197
244712
246168
246179
247611
24877
251860
252632
252943
253287
254150
254168
254292
254358
255424
255923
256763
257501
260079
261039
261627
262888
263269
26367
265088
265104
269798
270431
272720
275703
277150
277663
277696
279069
279855
281117
282731
283891
284567
285371
287262
287345
288604
290255
290820
293392
294255
294407
297406
298473
298744
299446
299724
301178
303974
304680
304826
304832
306734
309414
309465
309516
312684
313699
314577
315577
315832
315879
317771
317997
318701
319329
319343
319776
319894
32060
321225
324107
327270
327855
32849
329398
33161
334778
334840
335701
335793
336287
338779
338836
33899
341320
342791
343901
345217
345977
346691
34672
348109
348442
350643
350679
350720
350743
351468
352005
353276
353952
354502
355998
357053
357074
357200
357227
35779
358422
358831
359435
359479
35992
361902
363002
363425
363956
364646
365438
368256
369060
369731
369804
370148
372013
374510
376489
377403
380642
383416
383801
385056
385966
385975
386201
387450
39268
393349
395406
395602
3982
39869
398711
399558
402000
404244
404900
406272
407221
40827
408697
411660
412479
416671
417731
418825
4199
42048
4231
425894
4275
427984
433598
437062
438370
438865
440310
440569
440635
440720
442569
44393
444327
444432
444682
44501
445792
446125
446867
448234
449395
449804
45123
452445
452701
453367
454306
454422
455034
455615
455793
456300
456758
456883
457028
457540
458235
458290
462005
462639
462921
46312
464667
46477
465200
465926
472193
476272
476385
480925
481276
482219
482390
483157
483729
485222
486573
487053
489578
489678
493361
493607
4941
494415
496764
496842
497132
498860
501309
501545
502365
503428
503668
505867
507093
508614
509380
510697
511500
513960
514433
516675
516942
518584
519200
519435
519553
520050
520461
522838
525040
526349
527150
527199
527743
528867
529685
53023
530924
532438
532720
534386
534482
534668
534963
535643
536074
5375
537845
538049
538109
53824
539054
541202
541418
542123
542244
543703
544093
548564
552495
552607
553699
553856
554793
556012
556574
556698
556938
557160
561140
561416
562133
563038
563346
565016
56725
568168
568401
568740
568869
568980
569156
569192
569755
570034
570148
57105
572844
573051
57483
575361
575392
576185
576789
577057
577134
578004
578037
580003
580485
58065
580787
581189
581461
581594
582731
582738
584282
584489
58524
585573
586475
586576
587387
58783
587841
588189
590182
592539
592615
592862
592870
593553
596571
596674
604123
604320
604595
607619
607630
617096
618040
618061
619589
62328
627376
62892
6297
632032
633183
635821
636314
637680
640364
640729
640806
641348
642098
642392
644435
64471
646531
647542
648169
648272
648278
64858
648952
64972
65060
651074
652806
653801
654437
655247
655881
656481
659682
660186
660341
662772
663758
664054
664291
664576
665312
666448
666598
667224
667743
667965
668492
670256
672888
673497
674108
674133
674664
675747
675841
676157
676263
676569
677323
679082
679134
679319
682654
682688
685763
686365
687683
687797
688597
688911
690241
691961
693849
694592
695670
697139
698109
698234
698479
701393
703053
703814
709292
71787
719987
72488
728109
728469
728989
730125
730838
732674
733241
739029
742023
75519
757073
757333
758006
759552
763396
764662
766584
766937
77163
772694
776850
777683
779766
779855
779911
786601
786846
787141
78903
789480
792346
793145
794713
795647
796480
797545
797764
802636
803920
804794
807946
811031
81424
815250
819690
820240
820622
822630
82340
824147
824768
828615
828905
833513
833773
841983
844099
844167
844649
844900
847993
848239
848952
849004
849274
850146
85303
853188
856919
861834
864108
866189
866405
86949
869834
871769
872900
874871
87655
87673
87719
877520
87911
882331
92628
93903
94306
94799
94884
94937
96281
97318
97861
99115
99879
