100009
100099
100361
102781
102944
104639
104720
105695
105915
106827
109191
109902
110433
11143
111612
113397
11346
11446
114922
115821
116653
117226
117500
117506
118997
119896
121650
121761
121815
121917
122960
123338
123813
124387
125380
12560
125835
125899
125973
126086
126516
127615
127824
128475
128530
129090
129284
129449
131061
131712
131839
13187
132401
133202
133692
135505
13622
136879
136893
136950
137761
139850
139887
140053
140688
140708
140894
142628
143323
143400
143416
144341
145620
146231
14673
146913
147130
147222
147235
147290
147296
147806
147973
148652
149438
149645
149975
150000
15002
150740
15136
152086
152462
152842
154303
154972
155575
155589
155986
156059
156292
157406
157546
157987
158455
158508
158610
159273
159415
159526
159700
159823
16056
160762
160773
161974
16378
164778
165517
167130
167186
168274
168923
169954
170639
17090
171099
171324
171578
172523
173149
17510
175412
175589
175624
175951
17655
178647
179341
179858
180025
180465
181055
181542
182439
183621
185271
185475
187299
187627
189187
189224
189247
189371
190060
190838
191723
191742
191801
192471
192931
193127
193811
1940
194188
194358
194576
195900
196319
197001
19805
198539
198668
199380
199505
2001 YV71
2003 TJ63
2003 UD337
2004 RP249
2004 RQ243
2005 UA299
2005 UL171
2005 VB143
2006 DD168
2007 BW9
2007 RK171
2007 RM198
2007 TV110
2007 VA79
2007 VU225
200799
2008 CR22
2008 CX73
2008 DE98
2008 FT141
2008 RZ172
2008 SA362
2008 SQ231
2008 SW261
2008 UH405
2008 WQ168
2008 YE67
2008 YP186
2009 DF158
2009 QH73
2009 SR145
2009 UN190
200982
2010 EE192
2010 FE110
2010 GM139
2010 HQ41
2010 JR19
2010 KF103
2010 OX58
2010 PY73
2010 SA23
2010 TW72
2010 WA39
2010 XG124
2011 BL185
2011 GU105
2011 HL100
2011 PJ1
2011 SX340
2011 SZ22
2011 WT54
2012 GQ49
2012 KS53
2012 TK378
2012 TQ337
2012 UZ208
2012 VA88
2012 XQ90
2013 AV188
2013 CE265
2013 CO53
2013 CQ264
2013 EE186
2013 GF58
2013 NG62
2013 RH114
2013 TW234
2013 WC144
2013 WU137
2013 YD156
2013 YQ22
2014 AL73
2014 BW31
2014 HK221
2014 HW150
2014 HW302
2014 KJ83
2014 KU120
2014 OJ100
2014 OU90
2014 OW64
2014 QP148
2014 QU480
2014 WP554
2014 XL22
2014 YQ61
2014 YV65
2015 AZ111
2015 BJ605
2015 BP357
2015 BR134
2015 HJ220
2015 MA196
2015 OH158
2015 OL131
2015 OX161
2015 PB242
2015 PC20
2015 QR35
2015 TA176
2015 TJ375
2015 TK235
2015 TS450
2015 XH134
2015 XN179
2016 AK227
2016 CM343
2016 DE37
2016 DJ41
2016 EO258
2016 EX331
2016 GW238
2016 NG152
2016 PJ146
2016 PR226
2016 PT139
2016 PW219
2016 RU58
2016 TM162
2016 TV197
2016 TW171
2016 UC126
2016 UG16
2016 UR37
2016 VG8
2016 VL58
2016 VS27
2016 WF61
2016 WS77
2017 AF33
2017 DV129
2017 EJ49
2017 OC73
2017 OK124
2017 PH40
2017 QL130
2017 QM162
2017 QN124
2017 QO198
2017 QR192
2017 RN170
2017 RT76
2017 SC235
2017 SF169
2017 SL252
2017 UH206
2017 UN109
2017 UU156
2017 UV156
2017 VA33
2017 VJ52
2017 VQ59
2017 XO64
2017 YG74
2017 YH47
2017 YH74
2017 YV71
2018 BC54
2018 BD47
2018 PD28
2018 RK59
2018 RV2
2018 XX32
2019 AW111
2019 BG9
2019 CF11
2019 CW13
2019 FO12
2019 FR12
2019 FR19
2019 GG74
2019 GX76
2019 JJ121
2019 JQ70
2019 JY66
2019 QG38
2019 UD123
2020 BE85
2020 BK120
2020 FK34
2020 GJ27
2020 HJ207
2020 MF40
2020 ON56
2020 OW104
2020 PV101
2021 CN55
2021 GF60
2021 GX96
2021 HV21
2021 LD37
2021 MK11
2021 NC28
2021 NU64
2021 OG9
2021 PM150
2021 PY100
2021 PY156
2021 PZ94
2021 QE82
2021 QL53
2021 QP8
2021 RJ166
2021 RK162
2021 RT194
2021 SA96
2021 SC28
2021 SH19
2021 SP57
2021 TB45
2021 TD155
2021 TM193
2021 TN209
2022 AU57
2022 OG10
2022 PL17
2022 QD184
2022 QQ194
2022 RF35
2022 RP70
2022 SA136
2022 SH312
2022 SM85
2022 SN246
2022 SO248
2022 SP325
2022 SR38
2023 QG56
2023 TS120
2024 AL19
2024 BR20
2024 CW10
2024 EZ13
2024 FD7
2025 KA26
2025 KA27
2025 KA29
2025 KB26
2025 KE27
2025 KE28
2025 KF25
2025 KF28
2025 KG29
2025 KG30
2025 KG31
2025 KH25
2025 KJ25
2025 KJ26
2025 KJ27
2025 KK25
2025 KM30
2025 KN25
2025 KN26
2025 KN28
2025 KO29
2025 KQ25
2025 KT26
2025 KU27
2025 KY29
2025 MA214
2025 MB166
2025 MC118
2025 MC214
2025 MD119
2025 ME118
2025 ME120
2025 MG118
2025 MH118
2025 MK119
2025 ML323
2025 MM118
2025 MM120
2025 MN118
2025 MO119
2025 MO327
2025 MP196
2025 MQ119
2025 MQ196
2025 MQ214
2025 MQ215
2025 MR117
2025 MR118
2025 MS118
2025 MT118
2025 MV120
2025 MW117
2025 MX119
2025 MX213
2025 MY326
2025 MZ118
2025 MZ323
2025 NV4
2025 NY96
2025 OW17
2025 OZ84
203551
203555
203757
204420
204880
204890
205312
205912
206051
206451
207064
208272
209664
209822
210752
211177
213089
213340
213594
214876
215355
216279
217929
21805
218927
219575
219686
220033
221191
221490
22238
222759
223418
223938
226174
22755
227662
228693
229102
229667
231266
231510
232369
232928
233203
233756
233807
233850
234040
235045
235099
236097
237138
237240
239378
240824
240876
240911
241197
241437
241890
241902
242943
244712
245697
246168
246659
247172
247907
248447
248519
24877
250071
251413
251860
25199
252632
252943
253180
254168
254178
254358
255059
255424
256175
256186
256763
257501
257665
257871
258602
259934
261349
261627
262888
263269
264597
265088
265104
266612
267883
269004
269679
269790
272192
272720
273829
273922
275512
277150
277296
277663
277696
277986
279069
279703
279855
281027
281117
282731
283620
283891
284567
285169
285437
285784
285985
286793
289130
289248
289386
29003
290253
290255
293392
294442
297406
297831
298287
299023
299446
301178
301500
3021
302369
303865
303974
304680
304826
304832
304869
306095
307602
308159
309328
309414
309429
309465
309516
310411
312083
312440
313699
313777
314386
314482
314490
314519
314577
315024
315577
315606
315832
315879
316791
317771
317997
318674
318807
319343
319719
319776
32060
320969
322992
323124
32361
324107
325287
32533
32635
328343
333791
338054
338365
338779
338836
33899
341320
34239
343901
345967
346691
34672
348109
348442
350679
350743
351774
352005
352524
35316
353276
353720
35430
354502
355998
356862
357227
3573
357598
358572
358815
358831
359492
35992
36115
361155
362917
36357
366394
369524
369804
36992
370148
370996
372013
372751
374049
374410
374420
374510
376489
377702
377799
379364
382970
383137
383416
383998
385056
385966
385975
387380
387450
39268
393349
395406
395602
395700
396048
39674
3982
39869
398711
399230
399558
400009
400290
4005
400501
400971
401182
402000
402027
402054
40211
404244
40425
404354
404722
406272
406846
40734
407696
40827
408296
408697
411288
411660
412479
414886
415837
416671
41678
418174
4199
42048
420618
420688
423594
423750
42773
427984
429097
430001
433598
434444
434987
435199
435366
437062
438370
438865
440569
440580
440635
44090
441953
442943
44393
444057
444087
444142
444327
444400
444432
445112
445479
446125
446145
446181
446185
446530
446867
447026
44723
448234
448266
448543
449395
449804
450108
452130
452445
452701
454306
454422
455034
455615
45604
456648
456758
456883
457027
457028
458888
459078
459888
460088
462005
462639
46312
463232
463596
464233
46477
46545
465926
46715
468042
468174
468533
468697
469424
469900
470685
470932
47275
473839
476272
478394
479142
479342
479907
480925
481276
482095
482184
483729
483732
48442
485222
486103
48652
486573
48794
488035
492422
4941
494268
494415
496087
496764
497132
498860
499188
499730
500978
501309
501434
501545
503629
503668
505867
50655
507093
507788
508614
509380
509839
510697
510728
510844
514036
514433
516554
516675
516844
516942
5172
518584
519435
519855
520050
520461
52234
523912
524897
52495
526349
526703
526745
526836
527150
527199
527743
527964
528867
530072
53023
531929
532438
534101
534482
534963
534969
535550
536074
536250
5375
538109
53824
539054
539108
539393
542244
544034
544093
545213
545372
547844
548070
552495
553640
554793
554823
555235
555936
556012
556938
561140
561416
563346
564761
565016
56572
56725
567769
568168
568312
568401
568689
568740
568869
569156
569755
570034
570148
570260
57105
572551
572844
573056
57483
57503
575099
576185
576234
576789
577644
578004
578016
578037
578231
57912
579936
579943
580003
580300
580485
58065
581189
581437
582127
582731
583201
584489
58524
585357
585573
586665
587285
587640
58783
587841
587968
588189
588291
588392
589686
589712
590446
591325
592056
592539
592615
592862
592870
593663
596571
599066
601009
602458
604123
604595
604825
60586
605895
607619
607630
609055
614376
61487
61652
618040
618498
6202
62328
624155
62591
627376
6279
62892
6297
631307
632791
640201
64021
640806
641015
641348
641783
642098
643403
644290
64471
644876
645027
647075
647542
647972
64810
64858
648803
64972
65060
651074
651704
652017
653011
653770
653983
654437
655247
656481
656827
658205
658495
659448
662009
662649
66274
662772
662850
663011
663101
663758
664291
664576
665312
666598
667571
667743
667965
668396
668492
669950
670934
671537
672380
672888
673039
673497
674133
674664
676157
676382
676569
677127
679082
679134
679182
679319
679467
680211
681085
681970
682126
682654
682688
682890
683885
68454
685763
686365
686444
68648
68698
687683
687797
688597
688911
691006
691961
69380
693849
694592
694717
695025
697139
698234
698479
701393
703053
70316
703814
70480
706965
70881
709292
709586
71184
713153
71787
71801
719987
721345
722574
724872
725820
72601
726352
728109
728325
728469
728989
730125
732674
736317
736690
73861
739029
739624
742023
75084
758006
759552
76435
764662
766832
769746
770099
771676
775705
775785
776850
785663
787141
787142
787808
788002
789450
789899
789990
79045
794736
796480
797233
802239
80292
806393
808455
81232
81302
81424
815250
81688
819690
820240
820622
822054
822630
827772
828615
828734
829685
830878
833892
834660
83565
83657
8412
841926
841983
842063
844900
847443
847993
848239
848952
849004
849274
850146
850399
85303
853188
858801
858843
860213
860600
860911
86146
861834
866405
869498
869967
872900
874871
87719
88009
90114
91264
91747
91975
92048
92084
92122
92628
93341
93671
94794
94799
94937
95975
96202
96281
97318
9774
97861
98554
99115
9932
99414
99879
