100009
100361
109902
110433
11446
114922
115821
116653
117226
117500
119896
125835
126086
127615
131839
13187
132401
136893
139887
140708
143416
145620
14673
147130
147290
147806
147973
149975
15002
15136
152086
154303
155589
155986
157406
158508
159526
159700
159823
164778
171099
171324
171578
175412
175589
175951
179341
181055
181542
182439
185475
187627
191742
192471
193127
194188
194358
195900
19805
198539
2001 YV71
2003 TJ63
2004 RP249
2004 RQ243
2005 UA299
2005 UL171
2007 RM198
2007 VU225
2008 DE98
2008 RZ172
2008 SA362
2008 SQ231
2008 YE67
200982
2010 KF103
2010 OX58
2011 BL185
2011 GU105
2011 SX340
2011 SZ22
2011 WT54
2012 KS53
2012 TK378
2012 XQ90
2013 WC144
2013 YD156
2013 YQ22
2014 HW302
2014 KU120
2014 OW64
2014 QP148
2014 XL22
2015 AZ111
2015 BJ605
2015 BP357
2015 MA196
2015 PC20
2015 TJ375
2015 TK235
2015 XH134
2015 XN179
2016 PJ146
2016 PR226
2016 TM162
2016 TV197
2016 UC126
2016 UG16
2016 WF61
2017 OC73
2017 PH40
2017 QL130
2017 QM162
2017 RN170
2017 RT76
2017 SC235
2017 SF169
2017 UU156
2017 UV156
2017 VA33
2017 VJ52
2017 VQ59
2017 YV71
2019 AW111
2019 BG9
2019 FR12
2019 JJ121
2019 JQ70
2019 UD123
2020 GJ27
2020 ON56
2021 GF60
2021 GX96
2021 MK11
2021 NU64
2021 PY156
2021 QE82
2021 QP8
2021 RT194
2021 SA96
2021 SH19
2021 TB45
2022 AU57
2022 OG10
2022 PL17
2022 QQ194
2022 SA136
2025 NV4
2025 OW17
203551
203555
203757
204420
205912
206051
213089
219575
220033
221191
223418
223938
227662
228693
231266
231510
232369
232928
235045
237240
241197
244712
246168
24877
251860
252632
252943
254168
254358
255424
256763
257501
261627
262888
263269
265088
265104
272720
277150
277663
277696
279069
279855
281117
282731
283891
284567
290255
293392
297406
299446
301178
303974
304680
304826
304832
309414
309465
309516
313699
314577
315577
315832
315879
317771
317997
319343
319776
32060
324107
338779
338836
33899
341320
343901
346691
34672
348109
348442
350679
350743
352005
353276
354502
355998
357227
358831
35992
369804
370148
372013
374510
376489
383416
385056
385966
385975
387450
39268
393349
395406
395602
3982
39869
398711
399558
402000
404244
406272
40827
408697
411660
412479
416671
4199
42048
427984
433598
437062
438370
438865
440569
440635
44393
444327
444432
446125
446867
448234
449395
449804
452445
452701
454306
454422
455034
455615
456758
456883
457028
462005
462639
46312
46477
465926
476272
480925
481276
483729
485222
486573
4941
494415
496764
497132
498860
501309
501545
503668
505867
507093
508614
509380
510697
514433
516675
516942
518584
519435
520050
520461
526349
527150
527199
527743
528867
53023
532438
534482
534963
536074
5375
538109
53824
539054
542244
544093
552495
554793
556012
556938
561140
561416
563346
565016
56725
568168
568401
568740
568869
569156
569755
570034
570148
57105
572844
57483
576185
576789
578004
578037
580003
580485
58065
581189
582731
584489
58524
585573
58783
587841
588189
592539
592615
592862
592870
596571
604123
604595
607619
607630
618040
62328
627376
62892
6297
640806
641348
642098
64471
647542
64858
64972
65060
651074
654437
655247
656481
662772
663758
664291
664576
665312
666598
667743
667965
668492
672888
673497
674133
674664
676157
676569
679082
679134
679319
682654
682688
685763
686365
687683
687797
688597
688911
691961
693849
694592
697139
698234
698479
701393
703053
703814
709292
71787
719987
728109
728469
728989
730125
732674
739029
742023
758006
759552
764662
776850
787141
796480
81424
815250
819690
820240
820622
822630
828615
841983
844900
847993
848239
848952
849004
849274
850146
85303
853188
861834
866405
872900
874871
87719
92628
94799
94937
96281
97318
97861
99115
99879
