100099
102781
102944
104639
104720
105695
105915
106827
109191
11143
111612
113397
11346
117506
118997
121650
121761
121815
121917
122960
123338
123813
124387
125380
12560
125899
125973
126516
127824
128475
128530
129090
129284
129449
131061
131712
133202
133692
135505
13622
136879
136950
137761
139850
140053
140688
140894
142628
143323
143400
144341
146231
146913
147222
147235
147296
148652
149438
149645
150000
150740
152462
152842
154972
155575
156059
156292
157546
157987
158455
158610
159273
159415
16056
160762
160773
161974
16378
165517
167130
167186
168274
168923
169954
170639
17090
172523
173149
17510
175624
17655
178647
179858
180025
180465
183621
185271
187299
189187
189224
189247
189371
190060
190838
191723
191801
192931
193811
1940
194576
196319
197001
198668
199380
199505
2003 UD337
2005 VB143
2006 DD168
2007 BW9
2007 RK171
2007 TV110
2007 VA79
200799
2008 CR22
2008 CX73
2008 FT141
2008 SW261
2008 UH405
2008 WQ168
2008 YP186
2009 DF158
2009 QH73
2009 SR145
2009 UN190
2010 EE192
2010 FE110
2010 GM139
2010 HQ41
2010 JR19
2010 PY73
2010 SA23
2010 TW72
2010 WA39
2010 XG124
2011 HL100
2011 PJ1
2012 GQ49
2012 TQ337
2012 UZ208
2012 VA88
2013 AV188
2013 CE265
2013 CO53
2013 CQ264
2013 EE186
2013 GF58
2013 NG62
2013 RH114
2013 TW234
2013 WU137
2014 AL73
2014 BW31
2014 HK221
2014 HW150
2014 KJ83
2014 OJ100
2014 OU90
2014 QU480
2014 WP554
2014 YQ61
2014 YV65
2015 BR134
2015 HJ220
2015 OH158
2015 OL131
2015 OX161
2015 PB242
2015 QR35
2015 TA176
2015 TS450
2016 AK227
2016 CM343
2016 DE37
2016 DJ41
2016 EO258
2016 EX331
2016 GW238
2016 NG152
2016 PT139
2016 PW219
2016 RU58
2016 TW171
2016 UR37
2016 VG8
2016 VL58
2016 VS27
2016 WS77
2017 AF33
2017 DV129
2017 EJ49
2017 OK124
2017 QN124
2017 QO198
2017 QR192
2017 SL252
2017 UH206
2017 UN109
2017 XO64
2017 YG74
2017 YH47
2017 YH74
2018 BC54
2018 BD47
2018 PD28
2018 RK59
2018 RV2
2018 XX32
2019 CF11
2019 CW13
2019 FO12
2019 FR19
2019 GG74
2019 GX76
2019 JY66
2019 QG38
2020 BE85
2020 BK120
2020 FK34
2020 HJ207
2020 MF40
2020 OW104
2020 PV101
2021 CN55
2021 HV21
2021 LD37
2021 NC28
2021 OG9
2021 PM150
2021 PY100
2021 PZ94
2021 QL53
2021 RJ166
2021 RK162
2021 SC28
2021 SP57
2021 TD155
2021 TM193
2021 TN209
2022 QD184
2022 RF35
2022 RP70
2022 SH312
2022 SM85
2022 SN246
2022 SO248
2022 SP325
2022 SR38
2023 QG56
2023 TS120
2024 AL19
2024 BR20
2024 CW10
2024 EZ13
2024 FD7
2025 KA26
2025 KA27
2025 KA29
2025 KB26
2025 KE27
2025 KE28
2025 KF25
2025 KF28
2025 KG29
2025 KG30
2025 KG31
2025 KH25
2025 KJ25
2025 KJ26
2025 KJ27
2025 KK25
2025 KM30
2025 KN25
2025 KN26
2025 KN28
2025 KO29
2025 KQ25
2025 KT26
2025 KU27
2025 KY29
2025 MA214
2025 MB166
2025 MC118
2025 MC214
2025 MD119
2025 ME118
2025 ME120
2025 MG118
2025 MH118
2025 MK119
2025 ML323
2025 MM118
2025 MM120
2025 MN118
2025 MO119
2025 MO327
2025 MP196
2025 MQ119
2025 MQ196
2025 MQ214
2025 MQ215
2025 MR117
2025 MR118
2025 MS118
2025 MT118
2025 MV120
2025 MW117
2025 MX119
2025 MX213
2025 MY326
2025 MZ118
2025 MZ323
2025 NY96
2025 OZ84
204880
204890
205312
206451
207064
208272
209664
209822
210752
211177
213340
213594
214876
215355
216279
217929
21805
218927
219686
221490
22238
222759
226174
22755
229102
229667
233203
233756
233807
233850
234040
235099
236097
237138
239378
240824
240876
240911
241437
241890
241902
242943
245697
246659
247172
247907
248447
248519
250071
251413
25199
253180
254178
255059
256175
256186
257665
257871
258602
259934
261349
264597
266612
267883
269004
269679
269790
272192
273829
273922
275512
277296
277986
279703
281027
283620
285169
285437
285784
285985
286793
289130
289248
289386
29003
290253
294442
297831
298287
299023
301500
3021
302369
303865
304869
306095
307602
308159
309328
309429
310411
312083
312440
313777
314386
314482
314490
314519
315024
315606
316791
318674
318807
319719
320969
322992
323124
32361
325287
32533
32635
328343
333791
338054
338365
34239
345967
351774
352524
35316
353720
35430
356862
3573
357598
358572
358815
359492
36115
361155
362917
36357
366394
369524
36992
370996
372751
374049
374410
374420
377702
377799
379364
382970
383137
383998
387380
395700
396048
39674
399230
400009
400290
4005
400501
400971
401182
402027
402054
40211
40425
404354
404722
406846
40734
407696
408296
411288
414886
415837
41678
418174
420618
420688
423594
423750
42773
429097
430001
434444
434987
435199
435366
440580
44090
441953
442943
444057
444087
444142
444400
445112
445479
446145
446181
446185
446530
447026
44723
448266
448543
450108
452130
45604
456648
457027
458888
459078
459888
460088
463232
463596
464233
46545
46715
468042
468174
468533
468697
469424
469900
470685
470932
47275
473839
478394
479142
479342
479907
482095
482184
483732
48442
486103
48652
48794
488035
492422
494268
496087
499188
499730
500978
501434
503629
50655
507788
509839
510728
510844
514036
516554
516844
5172
519855
52234
523912
524897
52495
526703
526745
526836
527964
530072
531929
534101
534969
535550
536250
539108
539393
544034
545213
545372
547844
548070
553640
554823
555235
555936
564761
56572
567769
568312
568689
570260
572551
573056
57503
575099
576234
577644
578016
578231
57912
579936
579943
580300
581437
582127
583201
585357
586665
587285
587640
587968
588291
588392
589686
589712
590446
591325
592056
593663
599066
601009
602458
604825
60586
605895
609055
614376
61487
61652
618498
6202
624155
62591
6279
631307
632791
640201
64021
641015
641783
643403
644290
644876
645027
647075
647972
64810
648803
651704
652017
653011
653770
653983
656827
658205
658495
659448
662009
662649
66274
662850
663011
663101
667571
668396
669950
670934
671537
672380
673039
676382
677127
679182
679467
680211
681085
681970
682126
682890
683885
68454
686444
68648
68698
691006
69380
694717
695025
70316
70480
706965
70881
709586
71184
713153
71801
721345
722574
724872
725820
72601
726352
728325
736317
736690
73861
739624
75084
76435
766832
769746
770099
771676
775705
775785
785663
787142
787808
788002
789450
789899
789990
79045
794736
797233
802239
80292
806393
808455
81232
81302
81688
822054
827772
828734
829685
830878
833892
834660
83565
83657
8412
841926
842063
847443
850399
858801
858843
860213
860600
860911
86146
869498
869967
88009
90114
91264
91747
91975
92048
92084
92122
93341
93671
94794
95975
96202
9774
98554
9932
99414
