provid,permid,orbit_class,population,ssObjectId,diaSourceId,phaseAngle,helioRange,topoRange,ephRa,ephDec,visit,detector,midpointMjdTai,band,ra,dec,snr,psfFlux,psfFluxErr,psfFlux_flag,trailFlux,trailFluxErr,scienceFlux,scienceFluxErr,forced_PsfFlux_flag,templateFlux,templateFluxErr,psfMag,psfMagErr,trailMag,trailMagErr,scienceMag,scienceMagErr,templateMag,templateMagErr
2000 DL83,121917,MBO,MBO,21163607114396492,745174274966291249,13.811094,3.4585361,2.7831879,271.1626874216201,-23.30524425795638,2025042500450,100,60791.277617615146,i,271.16267061847657,-23.305240731246798,70.34800720214844,29581.3,414.482,False,28868.3,3.50656,107967.0,367.662,False,80628.8,40.7492,20.22245683162045,0.015212924918913991,20.248946946000036,0.0001318816535024453,18.816772414706627,0.0036972772303576367,19.133774551495257,0.0005487230653329547
2000 DL83,121917,MBO,MBO,21163607114396492,745174276041081366,13.810372,3.4585352,2.7831354,271.1625860560408,-23.305273275975487,2025042500458,102,60791.28187701356,i,271.1625712550308,-23.305272317022133,67.52136993408203,29595.1,437.812,False,29075.0,1.98411,124758.0,392.055,False,96572.9,27.7081,20.2219504849197,0.016061725024586793,20.241200691498783,7.409183349196962e-05,18.659828990123998,0.003411951937385009,18.93786183485218,0.0003115127238864043
2000 DL83,121917,MBO,MBO,21163607114396492,745174276311614129,13.810194,3.458535,2.7831223,271.1625610627502,-23.30528038527989,2025042500460,106,60791.28292506441,i,271.1625434207111,-23.30528205306313,66.00259399414062,30466.9,452.954,False,29884.7,1.71402,128295.0,392.966,False,100260.0,28.6907,20.19042931830954,0.01614173287904625,20.211377777156013,6.22717856736897e-05,18.629475672287988,0.003325596610545972,18.89718074930741,0.00031069750953906195
2000 DL83,121917,MBO,MBO,21163607114396492,745174276713743342,13.809924,3.4585347,2.7831028,271.1625229585715,-23.305291189577368,2025042500463,105,60791.284521776055,i,271.1625019280987,-23.3052956012243,64.59258270263672,29407.7,450.612,False,29083.2,3.6058,126875.0,385.785,False,101309.0,25.7908,20.228847380562314,0.016636655541430057,20.24089455448539,0.00013461199655693488,18.641559861856777,0.003301365483575958,18.88587992863495,0.0002764019525648411
2000 DL83,121917,MBO,MBO,21163607114396492,745200677576245330,12.744082,3.4573376,2.7133214,270.9539723946429,-23.342110845745918,2025050100557,42,60797.20266874632,u,270.95390217425336,-23.34211280787085,11.26823616027832,5892.21,500.56,False,9422.78,64.7595,6935.54,509.219,False,765.931,5.30973,21.97430446514211,0.09223637915247243,21.464552339817395,0.0074618881251083255,21.79729929182876,0.07971657505761132,24.18952583871294,0.0075267431767581565
2000 DL83,121917,MBO,MBO,21163607114396492,745200677741920319,12.743967,3.4573376,2.7133148,270.95394032325885,-23.342115492967995,2025050100558,102,60797.2032537316,u,270.95391125518336,-23.34214374099501,9.884520530700684,3953.83,398.337,False,3834.57,21.4468,3826.37,389.8,False,214.048,6.93354,22.40745499772177,0.10938479907980737,22.44070830510632,0.006072536705004873,22.443032559583937,0.11060612183334287,25.573722043266226,0.03516965874571805
2000 DL83,121917,MBO,MBO,21163607114396492,745200678008783017,12.743732,3.4573374,2.7133012,270.95387554548216,-23.34212486638065,2025050100560,99,60797.20443421058,u,270.9538907689052,-23.34212939317865,11.042620658874512,4695.6,423.011,False,4939.79,1.52913,5608.49,419.587,False,273.839,6.07402,22.22077224254875,0.09781036146926873,22.165728774864164,0.0003360935930685432,22.02788507998106,0.08122699407593412,25.306261792130208,0.024082704005714262
2000 DL83,121917,MBO,MBO,21163607114396492,745200678411436176,12.743366,3.457337,2.71328,270.9537740425258,-23.342139518813116,2025050100563,99,60797.20628367286,u,270.9537174531805,-23.342161902294894,10.082836151123047,3909.75,390.025,False,4324.89,5.70513,3910.94,380.672,False,288.324,6.71696,22.4196275292032,0.10830980411381329,22.310062300626715,0.0014322366827557366,22.419297133167568,0.10568031612579708,25.250297994617675,0.025293927933631267
2000 DL83,121917,MBO,MBO,21163607114396492,745200678916849717,12.742896,3.4573364,2.7132528,270.9536437326046,-23.342158266612543,2025050100567,39,60797.20865403733,u,270.95366023991977,-23.34214260744142,10.64921760559082,4155.77,388.048,False,nan,nan,4881.54,390.08,False,492.218,6.22191,22.35337123580696,0.10138139630203466,nan,nan,22.178607860488302,0.08676031760141244,24.66960629993529,0.013724311437546103
2000 DL83,121917,MBO,MBO,21163607114396492,745200679078854810,12.742777,3.4573364,2.7132459,270.9536107299036,-23.342163003467203,2025050100568,92,60797.20925426977,u,270.9535962204337,-23.342174529231254,12.264296531677246,4542.28,368.701,False,4676.56,3.11275,5024.3,367.541,False,467.335,6.57172,22.25681529648887,0.08813019698728888,22.22518370966955,0.0007226733725219592,22.14731113434521,0.07942451083259283,24.725929250483716,0.01526775139002291
2000 DL83,121917,MBO,MBO,21163607114396492,745200679753613324,12.742179,3.4573357,2.7132113,270.9534447846663,-23.342186752268827,2025050100573,99,60797.2122683731,u,270.95341081500226,-23.342188971149053,13.413678169250488,5394.05,397.051,False,5660.51,9.17596,5886.44,392.26,False,795.79,6.2994,22.070212619772196,0.07992003334753718,22.017861140037724,0.0017600308010437347,21.975368206684703,0.07235118314645925,24.148003836368236,0.00859458736252973
2000 DL83,121917,MBO,MBO,21163607114396492,745200680264269906,12.741702,3.4573352,2.7131839,270.9533122885028,-23.342205631034886,2025050100577,49,60797.21467157019,u,270.95329802007126,-23.34218259246704,11.592952728271484,4563.36,396.604,False,4459.12,35.2079,5496.55,395.542,False,1061.3,6.56074,22.251788204314895,0.09436190414389656,22.276877071800854,0.008572653753586441,22.049774581247085,0.07813160558535902,23.835404539473366,0.0067117993157628725
2000 DL83,121917,MBO,MBO,21163607114396492,745200680427323553,12.741587,3.457335,2.7131772,270.9532800074424,-23.3422102194179,2025050100578,104,60797.21525600518,u,270.95323027699425,-23.34218954173212,10.187161445617676,3978.19,388.629,False,4058.49,14.8496,4655.46,381.177,False,1047.57,6.88474,22.400786212571877,0.10606546679471561,22.37908880207349,0.003972597741859857,22.23009351032173,0.08889726792072482,23.84954242383209,0.00713557254097505
2000 DL83,121917,MBO,MBO,21163607114396492,745200680694710328,12.741349,3.4573348,2.7131634,270.95321414550403,-23.342219567314626,2025050100580,102,60797.21644930975,u,270.9532015106627,-23.342228379168414,10.218790054321289,3595.11,355.28,False,3813.06,4.87662,4384.75,355.996,False,683.45,7.14456,22.51071950985542,0.10729583961970186,22.446815885510787,0.0013885757395692177,22.29513790809127,0.0881504642989283,24.31323311099404,0.011349926357105765
2000 DL83,121917,MBO,MBO,21163607114396492,745200680929591348,12.741117,3.4573345,2.71315,270.9531492925714,-23.342228754118278,2025050100582,38,60797.217623277495,u,270.953122223367,-23.342214863229252,10.707145690917969,4236.63,390.411,False,4081.04,8.65485,4994.59,386.349,False,1078.61,6.75336,22.332448687102314,0.1000520179538581,22.373072860862337,0.002302570890859567,22.153750425707038,0.08398549411153723,23.817838908749785,0.00679797826123718
2000 DL83,121917,MBO,MBO,21163607114396492,745200681365798976,12.740733,3.4573343,2.7131279,270.9530424260081,-23.342243853641644,2025050100585,102,60797.21955676924,u,270.95298710918405,-23.342280452546795,8.772515296936035,3519.65,403.235,False,3696.85,15.4919,4199.2,403.597,False,1246.07,6.06766,22.53375133352195,0.1243893099509039,22.48042039783055,0.00454985102134827,22.342083550100206,0.10435317160787873,23.66114394628931,0.005286924704531877
2000 DL83,121917,MBO,MBO,21163607114396492,745200681768452152,12.740376,3.4573338,2.7131073,270.95294303883577,-23.342257853020836,2025050100588,102,60797.22135213876,u,270.9528753927493,-23.342249458660348,8.647745132446289,3408.24,392.313,False,3440.83,13.9292,4260.15,385.556,False,1229.83,6.37072,22.56867458027033,0.12497606277558923,22.55834193509604,0.004395287354255349,22.32643779765674,0.09826229533997166,23.67538733167044,0.005624290758447239
2000 DL83,121917,MBO,MBO,21163607114396492,745200682035314843,12.740136,3.4573336,2.7130935,270.95287619500306,-23.342267244910715,2025050100590,99,60797.22255916016,u,270.952831624676,-23.34229671796431,7.959928512573242,2943.16,374.755,False,3196.35,14.569,3433.92,366.971,False,632.326,6.82832,22.727965351325935,0.1382476959683658,22.638364145709627,0.004948798019275876,22.5605245917302,0.11602882969711191,24.39764742049759,0.011724576250237158
2000 DL83,121917,MBO,MBO,21163607114396492,745200682707976200,12.739551,3.4573328,2.7130597,270.95271276468145,-23.342290127865187,2025050100595,102,60797.22550701859,u,270.95266658007233,-23.342257864983626,10.562947273254395,3592.73,341.883,False,4082.09,5.95867,4182.24,335.781,False,615.034,8.37651,22.51143855481685,0.10331829782309201,22.37279353760814,0.001584860638341786,22.346477560630596,0.08717088796935331,24.427752193813852,0.014787279833157073
2000 DL83,121917,MBO,MBO,21163607114396492,745200683105386634,12.739191,3.4573326,2.713039,270.9526124710814,-23.34230411446074,2025050100598,92,60797.227314366,u,270.9526029518087,-23.34234226294229,11.005880355834961,3648.32,326.82,False,3536.86,6.34321,4157.52,326.716,False,422.025,7.49244,22.49476766967436,0.09726128950928108,22.528455293477137,0.001947222333210052,22.35291412715865,0.08532187263520719,24.836654569338172,0.019275667864462644
2000 DL83,121917,MBO,MBO,21163607114396492,745200683378016308,12.738956,3.4573324,2.7130256,270.9525468744629,-23.342313239198365,2025050100600,100,60797.22849513817,u,270.9525172705146,-23.342304733672773,12.332208633422852,3662.79,298.959,False,3669.97,5.40097,3949.31,299.424,False,364.413,8.99397,22.490469938862798,0.08861840912147305,22.48834372330117,0.0015978410442703483,22.408696921640992,0.08231703379667865,24.9960153629401,0.026796735885342118
2000 DL83,121917,MBO,MBO,21163607114396492,745200683613945892,12.738726,3.4573321,2.7130122,270.95248224106444,-23.342322212036915,2025050100602,38,60797.22965811858,u,270.95246556147515,-23.3423201228271,10.615933418273926,3583.63,334.758,False,3557.41,8.62208,3851.52,326.841,False,373.191,8.03974,22.51419212653741,0.10142199042493497,22.522165222957526,0.002631494397306609,22.435919601024302,0.09213586033847303,24.9701720682774,0.023390264361556685
2000 DL83,121917,MBO,MBO,21163607114396492,745200683780145169,12.738605,3.457332,2.713005,270.95244838164297,-23.342326905526782,2025050100603,99,60797.23026715459,u,270.9524261738189,-23.3423192751657,11.757582664489746,3982.55,336.945,False,3914.82,15.4144,5052.79,330.877,False,384.279,8.01395,22.39959689425129,0.09185908249214464,22.418220485109867,0.004275029751489897,22.14117186956921,0.07109837353594146,24.93838339376038,0.022642497310027033
2000 DL83,121917,MBO,MBO,21163607114396492,745200684052774922,12.738371,3.4573317,2.7129917,270.9523832483149,-23.34233592037584,2025050100605,107,60797.23143878038,u,270.95235516222533,-23.342331917893837,10.624214172363281,3325.74,309.364,False,3229.42,1.08556,3552.02,307.081,False,301.738,11.7163,22.595279268444038,0.10099638308440721,22.62718869986353,0.0003649670170059033,22.523811487901206,0.09386460401916596,25.20092495779498,0.04215846472603566
2000 DL83,121917,MBO,MBO,21163607114396492,745200684290801741,12.738135,3.4573314,2.7129781,270.9523172994769,-23.342345029673297,2025050100607,49,60797.23262317332,u,270.95227755734663,-23.342357752855193,11.241262435913086,3801.02,337.71,False,4070.03,1.31627,4291.32,330.104,False,242.565,8.28111,22.450249607530615,0.09646462332407146,22.376005966181534,0.000351133032729199,22.318522792719037,0.08351879679391729,25.437929648646893,0.03706676827103864
2000 DL83,121917,MBO,MBO,21163607114396492,745200684453855422,12.738014,3.4573314,2.7129712,270.9522833367876,-23.342349713593784,2025050100608,104,60797.23323346234,u,270.9522551842421,-23.342322228786724,11.574042320251465,3716.14,314.255,False,3489.82,27.3522,3923.43,310.066,False,186.676,8.55311,22.47476986382786,0.09181517547527018,22.54299241063436,0.008509686102524344,22.415835247577974,0.08580499671663071,25.722278813649687,0.04974619971782166
2000 DL83,121917,MBO,MBO,21163607114396492,745200684721242172,12.737774,3.4573312,2.7129574,270.95221599522245,-23.342358986367504,2025050100610,102,60797.234442450586,u,270.95220026600515,-23.342361303333202,10.526018142700195,3256.03,305.011,False,3034.3,4.83366,3459.68,305.167,False,169.007,8.71797,22.618278996022056,0.101707130378323,22.69485368979999,0.0017295849835385528,22.552410194023842,0.09576922098628603,25.830238243764697,0.05600605498242367
2000 DL83,121917,MBO,MBO,21163607114396492,745200684956123185,12.737544,3.457331,2.7129443,270.9521517376774,-23.342367816434688,2025050100612,38,60797.23559562226,u,270.95212394584513,-23.342387135718695,11.827120780944824,3820.26,321.098,False,3771.4,3.77354,4089.99,319.093,False,129.785,8.35776,22.44476769418432,0.09125758828897824,22.458743536280444,0.001086352316353312,22.37069438718904,0.08470700651181785,26.116938715739174,0.06991811713855567
2000 DL83,121917,MBO,MBO,21163607114396492,745200685122322590,12.737426,3.4573307,2.7129374,270.95211856450976,-23.342372368086536,2025050100613,99,60797.236190814656,u,270.95207892529373,-23.342384135486693,8.654549598693848,3228.88,369.001,False,3698.97,16.1355,3209.14,360.707,False,181.183,7.50057,22.627370277052957,0.12407948499777517,22.479797985992985,0.004736155367826257,22.63402837690091,0.12203664007002257,25.7547063921414,0.044947043986922376
2000 DL83,121917,MBO,MBO,21163607114396492,745200685392330828,12.737174,3.4573305,2.7129228,270.9520478392937,-23.34238205652017,2025050100615,102,60797.23745847828,u,270.9520382525709,-23.342404088645793,10.119722366333008,3270.67,324.308,False,3465.52,3.26026,3400.64,321.99,False,117.169,8.29806,22.613408207359193,0.1076577461537186,22.550578969969763,0.001021428937972287,22.57109838705032,0.10280306089750017,26.227968203443826,0.07689324584791693
2000 DL83,121917,MBO,MBO,21163607114396492,745200685629308995,12.736936,3.4573302,2.7129092,270.951980980998,-23.342391195587503,2025050100617,42,60797.23865651993,u,270.951967927876,-23.34241742783837,8.551257133483887,3037.66,358.14,False,3618.82,20.049,3006.76,356.261,False,169.142,6.43637,22.69365212536173,0.12800826673398008,22.50358252486372,0.0060151995750167666,22.704753086378155,0.12864526930748874,25.82937135709402,0.04131558036347973
2000 DL83,121917,MBO,MBO,21163607114396492,745200685794983998,12.736815,3.45733,2.7129023,270.95194731494524,-23.34239579027341,2025050100618,102,60797.23925939443,u,270.9519307158081,-23.342364766136868,12.660494804382324,3826.25,300.196,False,3865.36,1.0613,3774.76,297.351,False,50.0847,8.70035,22.44306664348652,0.08518358219218243,22.432025099525198,0.00029810725126421303,22.45777663640994,0.08552722814158058,27.15073727476323,0.18860619091719452
2000 DL83,121917,MBO,MBO,21163607114396492,745200686061846682,12.736576,3.4573298,2.7128887,270.9518802908043,-23.342404923191246,2025050100620,99,60797.24045999628,u,270.9518642986234,-23.34239790754019,10.376184463500977,3362.61,323.605,False,3464.24,3.82968,3894.91,319.964,False,72.7444,9.45619,22.583308714862078,0.10448718859600101,22.550980073085775,0.0012002696705237057,22.423756457383067,0.08919243196767751,26.74550108427797,0.1411370216435342
2000 DL83,121917,MBO,MBO,21163607114396492,745200686464499809,12.736218,3.4573295,2.712868,270.95177979944464,-23.34241858046876,2025050100623,99,60797.24225700423,u,270.9517882822957,-23.34244116606317,11.041191101074219,3710.19,333.772,False,3632.86,2.1925,3849.96,328.01,False,98.4604,8.46333,22.476509640791864,0.09767379937511143,22.49937831359017,0.0006552624331230291,22.43635946767961,0.09250286931266818,26.416845972585243,0.09332628919303286
2000 DL83,121917,MBO,MBO,21163607114396492,745200686734508040,12.735981,3.4573293,2.7128544,270.95171313407457,-23.34242761679601,2025050100625,102,60797.24344942246,u,270.95169959052873,-23.342445622865075,9.695980072021484,3028.82,307.855,False,3145.23,7.78193,3130.6,305.324,False,114.758,9.82878,22.69681631455471,0.1103562851870304,22.65586898318046,0.0026863291916833106,22.66093101386521,0.10589066511442038,26.250542542482506,0.09299100875742669
2000 DL83,121917,MBO,MBO,21163607114396492,745200686969913405,12.735743,3.457329,2.7128408,270.95164609833665,-23.342436684155395,2025050100627,39,60797.24464707573,u,270.95165913350127,-23.342449263907927,10.211755752563477,3379.73,321.552,False,3271.21,29.2517,3748.11,320.24,False,150.399,9.2078,22.57779498945142,0.10329838544810122,22.61322895002828,0.009708832364858424,22.465469148553932,0.09276572503042402,25.95688761339475,0.06647146318886375
2000 DL83,121917,MBO,MBO,21163607114396492,745200687131918469,12.735623,3.4573288,2.712834,270.95161256746565,-23.342441212380315,2025050100628,92,60797.245246403836,u,270.95159768132,-23.34244260907175,7.720773696899414,3252.1,412.48,False,3587.21,34.8726,3478.43,416.551,False,325.692,5.93002,22.619590238882857,0.13770931650893636,22.51310800784453,0.010554844960118447,22.54654185126196,0.13001972302152176,25.117982318680866,0.019768485339365646
2000 DL83,121917,MBO,MBO,21163607114396492,745200687404548155,12.73538,3.4573286,2.71282,270.95154430364323,-23.342450416300565,2025050100630,100,60797.24646588034,u,270.951508066281,-23.34243670150086,11.721378326416016,3272.55,279.711,False,3263.76,5.12633,3370.06,282.269,False,166.772,10.0834,22.61278425708154,0.09279991243752472,22.615704458026435,0.0017053465794190214,22.580905898501594,0.09093893906076066,25.84469213675835,0.065645983689471
2000 DL83,121917,MBO,MBO,21163607114396492,745200687640477729,12.735142,3.4573283,2.7128062,270.9514772374444,-23.34245943932818,2025050100632,38,60797.247662346024,u,270.9514406438944,-23.342474078055066,11.092476844787598,3518.04,320.477,False,3970.22,12.5436,3415.58,314.38,False,173.88,8.85813,22.534248055285538,0.09890548904950999,22.40296357602923,0.0034302987864559178,22.566338820486877,0.09993434366811389,25.79937589071389,0.0553116670773301
2000 DL83,121917,MBO,MBO,21163607114396492,745200687806677012,12.735022,3.4573283,2.7127993,270.9514433833565,-23.342463986717227,2025050100633,99,60797.2482660204,u,270.95143985486806,-23.342468401119,11.843067169189453,3920.67,327.891,False,4212.71,6.75393,3945.46,325.049,False,184.985,8.4283,22.416599297681273,0.0908016046914481,22.33859610099634,0.001740681531159492,22.40975589884699,0.08944900805174899,25.732158711644452,0.049468391058721556
2000 DL83,121917,MBO,MBO,21163607114396492,745200688079306769,12.734782,3.457328,2.7127857,270.9513760421345,-23.342473017623625,2025050100635,107,60797.249467010726,u,270.95136629412326,-23.342485338136516,12.59887981414795,3727.91,294.986,False,3713.05,0.605418,3712.63,290.819,False,135.473,9.08777,22.47133647815198,0.08591328101550513,22.475672992014463,0.00017703081339679277,22.47579586007769,0.0850482616267228,26.07036807177021,0.07283311720128159
2000 DL83,121917,MBO,MBO,21163607114396492,745200688317333585,12.734541,3.4573276,2.712772,270.95130810628376,-23.342482108609364,2025050100637,49,60797.25067847094,u,270.9512432878306,-23.342503142174326,11.44067668914795,3565.87,309.079,False,3320.55,4.44374,3878.87,303.515,False,95.4098,9.67942,22.519586198902807,0.09410838316317663,22.596974923733693,0.0014529909844141914,22.42823690594517,0.08495701844496,26.45101756285031,0.1101490360892352
2000 DL83,121917,MBO,MBO,21163607114396492,745200688480387264,12.7344265,3.4573276,2.7127652,270.9512759497836,-23.34248640481569,2025050100638,104,60797.25125113139,u,270.95125936874723,-23.342462135320073,11.7134428024292,3624.99,305.387,False,3524.55,10.9848,4230.98,305.021,False,136.187,9.25048,22.5017329707959,0.09146776021416836,22.53224079510971,0.003383863263278217,22.333897573987123,0.07827319916405791,26.064660895435637,0.07374845602566872
2000 DL83,121917,MBO,MBO,21163607114396492,745200688747774010,12.734186,3.4573274,2.7127516,270.95120841351536,-23.34249541346144,2025050100640,102,60797.252454148234,u,270.9512016404553,-23.34248475895267,11.943310737609863,3692.25,307.699,False,3555.47,5.18449,3926.07,308.377,False,116.616,8.12018,22.48177225208886,0.09048140023952611,22.522757462586707,0.0015831911853916394,22.41510488459201,0.08528021231388894,26.233104673066862,0.07560175069746793
2000 DL83,121917,MBO,MBO,21163607114396492,745200688982655012,12.733947,3.4573271,2.7127378,270.95114073203365,-23.342504421898138,2025050100642,38,60797.25365925135,u,270.951100321246,-23.34250252540726,8.538392066955566,3363.29,389.177,False,4036.06,39.6774,3003.58,386.303,False,199.98,7.22812,22.58308919735946,0.12563399414625415,22.385105949669462,0.010673574633150879,22.705901962209655,0.139641078980715,25.647533613085713,0.03924308221478514
2000 DL83,121917,MBO,MBO,21163607114396492,745200689148854401,12.733828,3.457327,2.712731,270.95110713191445,-23.34250888680984,2025050100643,99,60797.25425770604,u,270.9510821259144,-23.342449067909016,10.861403465270996,4163.95,387.425,False,4367.58,5.51411,4405.92,381.473,False,208.829,6.56974,22.351236184233187,0.10101978077171353,22.29939780906865,0.0013707519616931794,22.289908501170032,0.09400512170771635,25.600523005240888,0.034157155165985165
2000 DL83,121917,MBO,MBO,21163607114396492,745200690594316714,12.727853,3.4573207,2.7123902,270.94941651372574,-23.342727326937244,2025050100654,40,60797.28417959226,g,270.9494003635854,-23.34273484919633,78.8821792602539,14367.0,180.937,False,13155.7,0.135934,15124.8,180.044,False,679.811,5.52783,21.006584770594323,0.013673686074808455,21.102215080487333,1.1218594062332924e-05,20.95077591264657,0.012924488169474436,24.319029572309116,0.008828579601898636
2000 DL83,121917,MBO,MBO,21163607114396492,745200691699515854,12.727048,3.45732,2.7123444,270.9491879603535,-23.342755927969755,2025050100662,100,60797.28820217203,g,270.94916825014644,-23.342761739646594,84.65433502197266,14472.5,170.185,False,13695.0,0.308358,15019.9,167.753,False,595.94,4.94182,20.998641104402893,0.012767387345381869,21.05859490852505,2.4446546872968066e-05,20.958332368719994,0.012126279623315351,24.461993654006093,0.009003445022103063
2000 DL83,121917,MBO,MBO,21163607114396492,745200691935445040,12.726851,3.4573197,2.7123332,270.9491319613658,-23.3427629021611,2025050100664,38,60797.28918785686,g,270.9491133786708,-23.342772670486685,72.85611724853516,14391.0,197.213,False,13761.6,0.158038,14304.1,192.517,False,914.475,3.88507,21.0047725670361,0.01487883339348938,21.053327705013597,1.246857842689484e-05,21.011348685609192,0.01461278100572788,23.99707043600373,0.004612659025661234
2000 DL83,121917,MBO,MBO,21163607114396492,745200692101644473,12.726749,3.4573197,2.7123275,270.9491030178692,-23.342766501666244,2025050100665,99,60797.28969674934,g,270.9490811669831,-23.342767052024126,74.62030029296875,14363.9,191.64,False,12929.0,0.0255612,15766.9,190.493,False,917.983,4.10526,21.006819038096303,0.014485653614875395,21.121087661363752,2.146548129854599e-06,20.905634190196743,0.013117679291444482,23.992913437482187,0.004855459674279991
2000 DL83,121917,MBO,MBO,21163607114396492,745200692374274392,12.726542,3.4573195,2.7123156,270.94904409494245,-23.34277381865549,2025050100667,107,60797.29073289838,g,270.94902561278997,-23.342779065180654,76.76024627685547,14150.0,183.415,False,13222.2,0.177445,14965.7,180.832,False,786.166,4.43711,21.023108900349225,0.014073519343196016,21.096740678847233,1.4570831781487745e-05,20.962257397886958,0.013119055414161949,24.161214334466923,0.00612787988595835
2000 DL83,121917,MBO,MBO,21163607114396492,745200692612301287,12.726338,3.4573193,2.712304,270.94898612287204,-23.342781003374927,2025050100669,49,60797.291751934696,g,270.9489666732498,-23.342785903093723,78.56816101074219,14434.5,182.515,False,13559.1,0.171693,15164.5,180.477,False,773.506,4.43569,21.001495637875507,0.01372843830744045,21.069422871980464,1.3748206632631996e-05,20.947929761408478,0.012921653761094356,24.178840808988298,0.006226182164616791
2000 DL83,121917,MBO,MBO,21163607114396492,745200692776927446,12.726238,3.457319,2.7122984,270.94895767155595,-23.34278452431921,2025050100670,107,60797.292251945415,g,270.94894725506316,-23.342786762623355,70.43621063232422,14269.2,201.667,False,13277.5,0.184192,14825.2,197.348,False,1093.43,3.87642,21.014000922240868,0.015344740300272174,21.092209224772063,1.5061865938800712e-05,20.972498583335472,0.014452949945592562,23.80302248346106,0.003849143845486104
2000 DL83,121917,MBO,MBO,21163607114396492,745200693042741549,12.726035,3.4573188,2.7122867,270.94889973313906,-23.342791683924403,2025050100672,102,60797.2932699156,g,270.94889666956794,-23.3428016809047,62.0323486328125,13924.7,223.453,False,13264.8,0.321697,16129.8,221.917,False,1648.05,3.43051,21.040535366493856,0.01742306921798982,21.093248250253055,2.6331198465852848e-05,20.880927557079218,0.014937775567803055,23.357574008903335,0.0022600217501355375
2000 DL83,121917,MBO,MBO,21163607114396492,745200693277622383,12.72583,3.4573188,2.7122753,270.94884143775454,-23.342798873486814,2025050100674,38,60797.29429340684,g,270.9488262190321,-23.342798904301304,67.85171508789062,14146.8,207.22,False,13337.1,0.705675,15215.8,204.999,False,1335.5,4.12929,21.023354480623453,0.01590368569439942,21.087346513117208,5.7447040597480964e-05,20.94426303602774,0.014627875721889193,23.58589026910652,0.0033570346430304007
2000 DL83,121917,MBO,MBO,21163607114396492,745200693713830396,12.725512,3.4573183,2.7122571,270.9487509473047,-23.342810005574936,2025050100677,102,60797.29588233264,g,270.94874515959737,-23.34281723285216,57.59331130981445,13827.2,238.917,False,13404.8,0.233229,15294.8,237.82,False,2263.36,3.20023,21.048164373085875,0.018760185811502315,21.08184916911673,1.889063388310066e-05,20.938640507925538,0.016882194959401332,23.01311585746373,0.0015351536135760518
2000 DL83,121917,MBO,MBO,21163607114396492,745200693951332470,12.725312,3.457318,2.7122457,270.94869398074,-23.342816996071424,2025050100679,43,60797.29688292678,g,270.948680841285,-23.342825314100917,81.2047348022461,14212.3,173.034,False,13345.6,0.0646966,15022.0,164.949,False,913.907,4.9753,21.018339099398492,0.01321878072689845,21.08665477215225,5.263416087732589e-06,20.958180605889527,0.011921921635279411,23.997745011422086,0.005910736283351555
2000 DL83,121917,MBO,MBO,21163607114396492,745200694116483649,12.725214,3.457318,2.7122402,270.94866617594994,-23.342820403155446,2025050100680,102,60797.29737012891,g,270.94865568846996,-23.342823609783515,88.327392578125,13729.6,155.555,False,13414.2,0.190829,14046.8,148.679,False,740.601,5.59661,21.055855319321534,0.012301282789314324,21.0810880411956,1.544556847191877e-05,21.031056517772885,0.01149202497077791,24.22603924536759,0.008204744616814781
2000 DL83,121917,MBO,MBO,21163607114396492,745200694384918833,12.725007,3.4573178,2.7122285,270.94860719377857,-23.342827619945098,2025050100682,102,60797.29840548485,g,270.94859461558093,-23.34282855785218,70.94334411621094,13849.1,193.333,False,13552.7,0.687142,15502.8,189.526,False,1581.16,3.68071,21.04644615267052,0.015156843080809557,21.06993542191931,5.5048437005557194e-05,20.92397465297423,0.013273424387577998,23.402560428832064,0.0025274356192544014
2000 DL83,121917,MBO,MBO,21163607114396492,745200694620848466,12.724807,3.4573176,2.712217,270.9485501921755,-23.342834580670843,2025050100684,40,60797.29940548696,g,270.948543853587,-23.34283555102953,75.90818786621094,14098.3,184.195,False,12533.1,0.380858,15319.5,179.614,False,1384.92,6.40485,21.02708314566007,0.01418519899265442,21.154853771681836,3.2993540050265e-05,20.936888522591524,0.012729751033549177,23.54643824786292,0.005021212284473594
2000 DL83,121917,MBO,MBO,21163607114396492,745200694787571802,12.7247095,3.4573176,2.7122116,270.94852237047473,-23.34283797320932,2025050100685,102,60797.29989384275,g,270.9485101988,-23.342845583583546,76.07255554199219,13440.7,175.803,False,13007.5,0.25111,13767.2,168.61,False,1354.66,4.24648,21.0789452651401,0.014201319311647026,21.114515413579813,2.0960154126635563e-05,21.052885930650223,0.013297255763686787,23.57042420441821,0.003403479064510043
2000 DL83,121917,MBO,MBO,21163607114396492,745200695056007422,12.724497,3.4573174,2.7121994,270.9484618700835,-23.342845339465647,2025050100687,102,60797.3009545994,g,270.9484486473263,-23.34285091325396,74.69190216064453,13628.9,181.874,False,13917.0,0.725448,13923.2,169.377,False,1399.69,4.07966,21.063847956441993,0.014488856265536719,21.041135931903945,5.659590225482345e-05,21.0406523307379,0.013208079850953026,23.53492039589329,0.003164582646224925
2000 DL83,121917,MBO,MBO,21163607114396492,745200695290364686,12.72429,3.457317,2.7121878,270.94840289498114,-23.3428525054216,2025050100689,37,60797.30198891531,g,270.9483841607992,-23.342859151399043,88.68531799316406,13596.4,152.728,False,12596.9,0.0837925,14164.0,145.716,False,1167.34,11.6706,21.066440136686353,0.012196045340698954,21.149340761978095,7.222137853829236e-06,21.022035204784814,0.011169806588784807,23.732006613574974,0.010854758043361558
2000 DL83,121917,MBO,MBO,21163607114396492,745200695454990382,12.724189,3.4573169,2.712182,270.9483741438387,-23.342855993703555,2025050100690,95,60797.30249235105,g,270.94835408088505,-23.342861524170335,89.34110260009766,13514.1,151.719,False,13384.8,0.134606,15111.4,150.007,False,1223.34,8.02516,21.073032210781847,0.012189254900392238,21.083470300335264,1.0918849276345622e-05,20.95173821808367,0.010777825401067113,23.681132089701585,0.007122473577386122
2000 DL83,121917,MBO,MBO,21163607114396492,745200695726047840,12.723976,3.4573166,2.7121701,270.9483135503936,-23.34286333412412,2025050100692,100,60797.30355416398,g,270.94829260574824,-23.342865656556032,86.23970031738281,14946.6,172.413,False,13635.0,0.151901,16678.9,173.357,False,1533.8,4.93184,20.963643998090788,0.01252425535349761,21.063362144305877,1.209566721759342e-05,20.844581462486946,0.011284914533242261,23.435578131851834,0.0034911181455528273
2000 DL83,121917,MBO,MBO,21163607114396492,745200695946248898,12.723769,3.4573166,2.7121582,270.9482543695827,-23.342870488788392,2025050100694,8,60797.30459107594,g,270.94822994630493,-23.34287408442441,82.78241729736328,14218.9,170.257,False,13411.8,0.197183,14487.4,164.96,False,1133.46,5.80959,21.017834970469394,0.013000596955022368,21.08128234455906,1.596271366076834e-05,20.99752384261843,0.01236267700189261,23.76398454140437,0.005564980031271775
2000 DL83,121917,MBO,MBO,21163607114396492,745200696400806690,12.723446,3.4573162,2.71214,270.9481624045275,-23.34288157826824,2025050100697,107,60797.306202946434,g,270.94813380634497,-23.342885899502846,90.90635681152344,15095.2,165.883,False,14291.3,0.874317,15239.7,161.766,False,957.621,5.38908,20.95290280727412,0.011931287545197249,21.01232067499042,6.642346209646416e-05,20.942558941546515,0.011524846793071601,23.947015878869834,0.006110057623074038
2000 DL83,121917,MBO,MBO,21163607114396492,745200696638833098,12.723237,3.457316,2.7121282,270.94810279020754,-23.342888748194515,2025050100699,49,60797.307246393655,g,270.9480800921683,-23.342897042256155,87.21810150146484,14774.6,167.848,False,14357.6,0.782841,16091.6,167.163,False,938.202,5.21223,20.976210699093954,0.012334592011565513,21.00729540502917,5.9199230266410784e-05,20.883501955166548,0.011278860989903116,23.969259083452066,0.006031864015042529
2000 DL83,121917,MBO,MBO,21163607114396492,745200696803459580,12.723135,3.457316,2.7121224,270.94807354930174,-23.34289225971739,2025050100700,107,60797.30775836383,g,270.94804809146586,-23.342895912223906,77.13806915283203,14477.0,186.521,False,13952.0,1.10612,15153.6,181.914,False,1175.2,4.5052,20.998303563999038,0.013988574870935553,21.038408831028768,8.607758889968621e-05,20.948710479818274,0.013033907628165876,23.724720588155513,0.0041622352402456595
2000 DL83,121917,MBO,MBO,21163607114396492,745200697069273674,12.722918,3.4573157,2.71211,270.9480114592868,-23.34289970443884,2025050100702,102,60797.30884537083,g,270.94798765886475,-23.342902223900104,83.52056121826172,14720.1,174.428,False,14261.7,0.459222,15735.9,171.379,False,880.264,4.74326,20.98022312790806,0.012865591469475657,21.0145717434636,3.4960343616776164e-05,20.90777100548788,0.011824705166566078,24.03846767591756,0.0058504370775352785
2000 DL83,121917,MBO,MBO,21163607114396492,745200697471926511,12.722608,3.4573154,2.7120924,270.9479230703409,-23.342910275216383,2025050100705,102,60797.31039287135,g,270.94821814231267,-23.342929242827463,87.9719467163086,4974.41,144.161,False,13889.8,0.744057,6140.95,138.935,False,1185.46,5.19781,22.158146021503036,0.031465200334082094,21.043260034386357,5.816135828590722e-05,21.92941106210909,0.024564074314182133,23.715282774475035,0.004760557822518808
2000 DL83,121917,MBO,MBO,21163607114396492,745205072701424310,12.548002,3.4571307,2.7021637,270.90036389374825,-23.348591068833883,2025050200535,102,60798.19634901412,r,270.90033953278476,-23.34859963212598,91.9697265625,29009.7,313.659,False,26633.5,0.205254,25831.7,272.797,False,749.854,9.18897,20.243641935173134,0.011739209219966937,20.336429394191224,8.36734573634621e-06,20.36961756208757,0.011465973405789295,24.21255821308735,0.01330498595770652
2000 DL83,121917,MBO,MBO,21163607114396492,745205072938402711,12.547792,3.4571304,2.702152,270.9003018921918,-23.34859937601582,2025050200537,42,60798.197381072954,r,270.9002871366306,-23.348605244026007,81.94817352294922,28163.5,342.48,False,28131.0,1.13697,25277.5,316.977,False,1035.36,7.15934,20.275783436304184,0.013203009119385671,20.277037073180786,4.388217765484754e-05,20.393164702348123,0.01361500915211474,23.862271559165837,0.007507682976714078
2000 DL83,121917,MBO,MBO,21163607114396492,745205073100407247,12.547692,3.4571304,2.7021463,270.90027208116555,-23.348603365616555,2025050200538,95,60798.19787746796,r,270.90025009279657,-23.348609651618496,92.43896484375,28476.1,309.416,False,27171.8,0.293036,18898.8,265.571,False,1130.73,6.95507,20.26379874142652,0.011797407017477541,20.314703945596417,1.1709191160617088e-05,20.708914382504645,0.015257056181001582,23.766602731703102,0.006678315297586872
2000 DL83,121917,MBO,MBO,21163607114396492,745205073370941067,12.547482,3.4571302,2.7021346,270.9002097297709,-23.348611700448046,2025050200540,99,60798.198914899374,r,270.90018261336667,-23.34861870080844,94.36957550048828,28461.5,301.286,False,27604.0,0.342003,25659.6,279.745,False,1594.27,9.47449,20.26435553781168,0.011493320093808818,20.297569953165095,1.3451855747602895e-05,20.376875311523506,0.011836867056477606,23.393595301984174,0.006452355541102896
2000 DL83,121917,MBO,MBO,21163607114396492,745205073607918716,12.54728,3.45713,2.7021234,270.9001501131073,-23.34861965750152,2025050200542,39,60798.199905881425,r,270.9001322688916,-23.348626515705263,93.04850006103516,27437.7,294.718,False,27696.1,0.261704,27253.4,273.782,False,1650.61,8.58038,20.304130772727927,0.011662274821002704,20.29395346880059,1.0259260668601943e-05,20.31144825835339,0.010907080929327878,23.355888829894553,0.005643992085786305
2000 DL83,121917,MBO,MBO,21163607114396492,745205073769923710,12.547183,3.45713,2.702118,270.9001212263344,-23.348623508727407,2025050200543,92,60798.200385421536,r,270.9001047298795,-23.348630405274758,94.91572570800781,28929.4,301.718,False,26982.8,0.120546,26133.9,274.916,False,1755.36,8.61917,20.246651419314325,0.011323640924287517,20.32228243273968,4.850540003705443e-06,20.356989421365398,0.011421419452756102,23.289084514776363,0.005331182895336757
2000 DL83,121917,MBO,MBO,21163607114396492,745205074279006637,12.546764,3.4571295,2.7020948,270.89999711338095,-23.34864002364112,2025050200547,39,60798.20244651748,r,270.89998280356644,-23.34864824925602,93.75165557861328,29950.0,318.171,False,26886.8,0.0630059,29785.6,291.017,False,1598.08,9.99005,20.209007933186673,0.011534215797533685,20.326152176824387,2.5442888997333167e-06,20.214984131902455,0.010608068844957538,23.391003739018373,0.006787244451810195
2000 DL83,121917,MBO,MBO,21163607114396492,745205074441012719,12.546665,3.4571292,2.702089,270.89996764685685,-23.34864393692272,2025050200548,92,60798.202935686815,r,270.8999436588487,-23.34864713265114,97.91991424560547,29320.4,297.336,False,26433.8,0.276025,28335.8,277.074,False,1499.76,11.67,20.232075258486912,0.011010370059296717,20.344600968480954,1.133739091837926e-05,20.26916127377609,0.010616579396716164,23.459945576982737,0.008448379413945406
2000 DL83,121917,MBO,MBO,21163607114396492,745205074713641355,12.546461,3.4571292,2.7020779,270.8999070640511,-23.348651973353743,2025050200550,100,60798.2039408542,r,270.8998840440492,-23.34865705313868,100.58197784423828,30616.8,303.096,False,26065.3,0.086321,25850.9,247.955,False,1057.81,13.0659,20.18510047919873,0.010748422478267607,20.35984314788754,3.595655069680827e-06,20.36881081441639,0.010414094618401627,23.838980769103248,0.013410839118503695
2000 DL83,121917,MBO,MBO,21163607114396492,745205074949046416,12.546264,3.457129,2.702067,270.89984856211544,-23.348659721954668,2025050200552,37,60798.204910136104,r,270.89983233244277,-23.348658979435402,91.4146499633789,29461.1,321.527,False,26112.4,0.160903,29744.3,301.499,False,741.966,8.30719,20.226877618837715,0.011849303592984908,20.35788300921261,6.6902397832147575e-06,20.21649058965927,0.011005414943814231,24.224039983656297,0.01215610531700663
2000 DL83,121917,MBO,MBO,21163607114396492,745205075625902676,12.545724,3.4571283,2.7020369,270.89968810995515,-23.348680914258853,2025050200557,48,60798.207568407095,r,270.8996671461978,-23.34868350436519,98.26493072509766,28597.8,290.462,False,26875.3,0.216606,26412.3,277.895,False,-332.304,8.93153,20.259168408898667,0.01102760026952445,20.326616666350738,8.750673520828159e-06,20.345484414146767,0.011423489880411955,nan,nan
2000 DL83,121917,MBO,MBO,21163607114396492,745205075789481257,12.545624,3.4571283,2.7020314,270.8996583868875,-23.34868483042624,2025050200558,104,60798.20806020977,r,270.89964055764295,-23.348686602152277,94.29137420654297,28332.0,298.74,False,26556.1,0.0632326,23975.2,278.643,False,-415.605,9.34009,20.269306917184117,0.011448285444252117,20.339589277563093,2.5852412401990387e-06,20.450594438574228,0.012618572900007943,nan,nan
2000 DL83,121917,MBO,MBO,21163607114396492,745205076056867028,12.545413,3.457128,2.7020197,270.89959577584506,-23.34869306990005,2025050200560,102,60798.20909645736,r,270.8995746244054,-23.34869537724497,97.5677719116211,29462.6,300.289,False,27314.3,0.366747,27609.4,268.405,False,-716.242,12.0793,20.226822340424135,0.011066051370338129,20.309024781277444,1.4578095564348478e-05,20.297357562709205,0.01055499288610763,nan,nan
2000 DL83,121917,MBO,MBO,21163607114396492,745205076291223796,12.545209,3.4571278,2.7020082,270.8995351894731,-23.3487010301946,2025050200562,37,60798.21009890037,r,270.8995094654015,-23.3487029289151,100.54682922363281,30018.1,298.313,False,27296.1,0.288061,26491.7,273.724,False,-844.272,10.4676,20.206542014016545,0.010789797353640147,20.309748514187806,1.1457983144363323e-05,20.34222546121623,0.011218308550045051,nan,nan
2000 DL83,121917,MBO,MBO,21163607114396492,745205076454278243,12.54511,3.4571278,2.7020028,270.89950561118366,-23.34870491185709,2025050200563,92,60798.2105870055,r,270.89948757131947,-23.34870622733978,109.02598571777344,23913.1,218.99,False,27504.6,0.711295,21418.5,202.641,False,-632.222,9.1405,20.453410317761534,0.009942892445063677,20.30148668197593,2.8078167075080216e-05,20.57302736836983,0.010272179531377476,nan,nan
2000 DL83,121917,MBO,MBO,21163607114396492,745205076727956158,12.544882,3.4571276,2.7019901,270.89943783901845,-23.348713794550857,2025050200565,102,60798.211707410024,r,270.89942265795906,-23.348719087765506,106.95606231689453,29569.6,272.344,False,26774.7,0.352887,26814.1,249.762,False,-868.259,14.5535,20.22288639012335,0.009999923519193108,20.330688498100287,1.4309859990121745e-05,20.32909195407516,0.010113173396321552,nan,nan
2000 DL83,121917,MBO,MBO,21163607114396492,745205076964934523,12.544683,3.4571273,2.7019792,270.8993786900784,-23.34872153416927,2025050200567,42,60798.21268402504,r,270.89936465684434,-23.348727495293826,96.9183120727539,29306.9,302.65,False,29473.2,0.905526,26499.8,282.487,False,-1225.61,9.8047,20.232575279426918,0.011212310116847273,20.226431800887635,3.335784270048242e-05,20.341893477415436,0.011573912018250941,nan,nan
2000 DL83,121917,MBO,MBO,21163607114396492,745205077126938992,12.544578,3.457127,2.7019732,270.8993471972966,-23.348725650095435,2025050200568,95,60798.213204770946,r,270.8993242465987,-23.34873168482463,104.67529296875,29581.1,280.02,False,26141.5,0.250906,26289.9,260.797,False,-1043.82,9.99812,20.222464215350207,0.010277773448008102,20.35667374052749,1.0420890843515446e-05,20.350527648454506,0.010770552098113386,nan,nan
2000 DL83,121917,MBO,MBO,21163607114396492,745205077397472803,12.544375,3.457127,2.701962,270.8992871577008,-23.34873348749577,2025050200570,99,60798.2141952809,r,270.8992681479544,-23.348737868507325,98.19849395751953,30059.6,304.243,False,26201.6,0.0116665,27192.1,287.127,False,-1234.76,13.7631,20.205042021165617,0.010989090237236683,20.354180485410698,4.834338983906016e-07,20.31389314381526,0.01146451355783876,nan,nan
2000 DL83,121917,MBO,MBO,21163607114396492,745205077634450548,12.544169,3.4571269,2.7019506,270.8992255741721,-23.34874151357013,2025050200572,39,60798.21521143279,r,270.89920671576107,-23.348740896116745,103.9746322631836,27806.4,266.749,False,27363.9,0.0843102,23498.3,242.151,False,-962.91,10.2418,20.28963807006094,0.010415553078692448,20.307054997880872,3.3452333654911702e-06,20.472408853683202,0.011188558322840967,nan,nan
2000 DL83,121917,MBO,MBO,21163607114396492,745205077796455583,12.5440645,3.4571266,2.7019448,270.8991943468499,-23.348745578389025,2025050200573,92,60798.21572671798,r,270.89917318245557,-23.348748369643925,101.07540130615234,25301.8,250.83,False,26411.3,0.127624,23621.8,242.36,False,-992.902,9.46872,20.392121420229564,0.010763471603544482,20.345525522142918,5.246466429596283e-06,20.466717493780312,0.011139668380267172,nan,nan
2000 DL83,121917,MBO,MBO,21163607114396492,745205078305538453,12.543662,3.4571261,2.7019224,270.89907452172054,-23.34876114469975,2025050200577,39,60798.217701478265,r,270.89905325831216,-23.348763195132012,105.63854217529297,29520.4,277.497,False,26561.3,0.0845071,28618.1,257.575,False,-1000.05,13.7355,20.2246943909826,0.010206113253809285,20.339376650416874,3.454364644759501e-06,20.258398022576557,0.009772085498737227,nan,nan
2000 DL83,121917,MBO,MBO,21163607114396492,745205078467544426,12.543559,3.4571261,2.7019167,270.8990437437742,-23.34876513502802,2025050200578,92,60798.21820840134,r,270.8990221208628,-23.348768793836953,107.36880493164062,27996.7,259.76,False,25735.7,0.0445956,24677.2,238.787,False,-888.306,14.1567,20.282232921250188,0.010073717796060118,20.373660069533212,1.881396583985551e-06,20.4192603321061,0.010506042100266,nan,nan
2000 DL83,121917,MBO,MBO,21163607114396492,745205078874390942,12.541191,3.4571238,2.7017856,270.8983360355832,-23.34885598335808,2025050200581,100,60798.22983479421,r,270.8983158712897,-23.348861197853587,90.14339447021484,28143.2,311.159,False,25603.8,0.761514,25237.4,266.052,False,-437.896,15.7991,20.276566337608962,0.012004199856576492,20.379238901583562,3.229221067719845e-05,20.39488845539934,0.01144580211899292,nan,nan
2000 DL83,121917,MBO,MBO,21163607114396492,745205079414931491,12.540791,3.4571233,2.7017634,270.8982160022114,-23.34887121918515,2025050200585,107,60798.23180048079,r,270.8981936004721,-23.348874726858877,92.16110229492188,21442.4,232.623,False,23185.4,0.0632959,20727.7,218.439,False,-227.717,10.9891,20.57181649683598,0.011778868491920459,20.48696349958891,2.9640484950465662e-06,20.60862225514349,0.011442038177601921,nan,nan
2000 DL83,121917,MBO,MBO,21163607114396492,745205079652434539,12.540584,3.457123,2.701752,270.898154053669,-23.34887906262455,2025050200587,48,60798.2328141373,r,270.89813765148295,-23.34888391229463,101.61898040771484,25608.3,248.23,False,23791.4,0.0351776,24805.1,247.886,False,-365.534,15.0877,20.379048094614706,0.010524411430909061,20.458949985278686,1.6053528963042372e-06,20.413647561590146,0.01085014012497348,nan,nan
2000 DL83,121917,MBO,MBO,21163607114396492,745205079816013291,12.540482,3.457123,2.7017465,270.89812349729993,-23.348882926493506,2025050200588,104,60798.233314468176,r,270.89810415026193,-23.34888202428578,97.02252960205078,24260.1,249.045,False,24306.5,0.613113,18738.2,211.605,False,-314.7,12.6397,20.4377685507477,0.011145756838585054,20.435693931575262,2.7386870450410002e-05,20.718180370191845,0.012260900969565237,nan,nan
2000 DL83,121917,MBO,MBO,21163607114396492,745205080083398895,12.54027,3.4571228,2.7017348,270.8980601641539,-23.34889092460653,2025050200590,102,60798.2343500782,r,270.89803926450793,-23.348894497059792,88.52388000488281,25983.1,292.473,False,24218.6,0.360711,23574.3,263.084,False,-424.964,15.0845,20.363272604390012,0.012221348531961246,20.439627431626512,1.6170918529315805e-05,20.468902949164615,0.012116577391308453,nan,nan
2000 DL83,121917,MBO,MBO,21163607114396492,745205080317755578,12.540064,3.4571226,2.7017233,270.89799827180093,-23.348898727209207,2025050200592,37,60798.23536296813,r,270.89798077914327,-23.348901998630353,94.62085723876953,25030.9,262.471,False,22303.4,0.0641866,22957.5,239.368,False,-416.447,11.7792,20.403808820081824,0.011384899143231106,20.529072297726646,3.1246230320654526e-06,20.49768851752741,0.011320505270692498,nan,nan
2000 DL83,121917,MBO,MBO,21163607114396492,745205080480810167,12.53996,3.4571226,2.7017176,270.8979671323696,-23.348902647803516,2025050200593,92,60798.23587132639,r,270.8979439935542,-23.348900257192156,95.28675079345703,21804.6,228.303,False,22766.8,0.421638,19941.1,213.524,False,-360.684,11.0139,20.553629709306875,0.011368098036020586,20.506744981725788,2.0107684837047313e-05,20.650627242804546,0.011625775116679015,nan,nan
2000 DL83,121917,MBO,MBO,21163607114396492,745205080754487906,12.539733,3.4571223,2.701705,270.89789908012574,-23.34891120406684,2025050200595,102,60798.236983230774,r,270.8978818794247,-23.34891241039277,94.88392639160156,24071.7,250.998,False,22266.4,0.174173,21669.3,224.379,False,-421.189,22.2708,20.44623312960119,0.011321079357058271,20.53087496446961,8.49288281590035e-06,20.56038775535805,0.011242467117931637,nan,nan
2000 DL83,121917,MBO,MBO,21163607114396492,745205080991466474,12.539527,3.457122,2.7016938,270.8978371820675,-23.348918972468223,2025050200597,42,60798.237994368916,r,270.8978230482004,-23.348927608513286,84.83264923095703,23028.9,271.072,False,23406.3,0.969101,19668.0,252.526,False,-595.943,12.3305,20.49431699678341,0.012780144500878289,20.47666804598445,4.495319719085757e-05,20.66559950095469,0.013940239063607925,nan,nan
2000 DL83,121917,MBO,MBO,21163607114396492,745205081153470794,12.539422,3.4571218,2.7016878,270.8978057641465,-23.34892291037789,2025050200598,95,60798.23850791353,r,270.8977930655594,-23.348927879208635,94.30184936523438,21892.0,230.135,False,20842.3,0.0565925,21170.3,224.119,False,-469.209,16.7546,20.54928640132383,0.011413570962812215,20.60263585241315,2.9480683854596447e-06,20.58568242902927,0.011494126539202424,nan,nan
2000 DL83,121917,MBO,MBO,21163607114396492,745205081424004466,12.539214,3.4571216,2.7016764,270.89774327646245,-23.34893073227059,2025050200600,99,60798.23952718892,r,270.8977321031476,-23.348936573541657,92.66687774658203,24580.0,262.935,False,20592.2,0.064003,22370.1,253.328,False,-569.821,24.9093,20.42354530362391,0.011614241104448966,20.615743172118876,3.3745969331181476e-06,20.525830205191415,0.01229531335410624,nan,nan
2000 DL83,121917,MBO,MBO,21163607114396492,745205081660982498,12.539006,3.4571214,2.701665,270.8976809471283,-23.348938520695583,2025050200602,39,60798.240544627944,r,270.8976637687114,-23.348941486834963,91.24565887451172,22508.5,242.296,False,21052.6,0.352124,19821.5,226.149,False,-500.995,20.2501,20.51913361516739,0.011687564483067753,20.591735672813222,1.8159932193194242e-05,20.657158707993005,0.012387466096055337,nan,nan
2000 DL83,121917,MBO,MBO,21163607114396492,745205081822987288,12.538903,3.4571214,2.7016592,270.89765004889915,-23.348942376560515,2025050200603,92,60798.24104826262,r,270.8976325317991,-23.34894693015962,91.7961196899414,22021.5,239.906,False,21488.2,0.32519,20689.2,232.761,False,-534.909,14.6909,20.542882755697704,0.01182819682130824,20.569499945697757,1.6430905222753743e-05,20.61064079624629,0.012214926436091693,nan,nan
2000 DL83,121917,MBO,MBO,21163607114396492,745205082230883123,12.538013,3.4571204,2.7016103,270.8973825611712,-23.34897561684229,2025050200606,102,60798.24540768642,i,270.89736737620535,-23.348981167736216,89.5390396118164,26561.6,295.04,False,23774.7,0.174067,24651.4,267.191,False,-508.25,36.1178,20.339364435401805,0.012060102698645683,20.459712421882095,7.949242520491162e-06,20.420396010982508,0.011768051633029138,nan,nan
2000 DL83,121917,MBO,MBO,21163607114396492,745205085318940177,12.53565,3.457118,2.7014802,270.8966706957676,-23.34906285312523,2025050200629,104,60798.25697328927,i,270.89639013948124,-23.349105184933766,73.90687561035156,9079.7,399.857,False,23120.8,0.101791,90789.4,365.086,False,83425.5,31.0997,21.50482122827631,0.047814267702198994,20.489992820864984,4.780032364780455e-06,19.0049121537221,0.004366006310007307,19.09675295444318,0.0004047452068539139
2000 DL83,121917,MBO,MBO,21163607114396492,745205085820682596,12.535235,3.4571176,2.7014575,270.8965453265557,-23.349078031859182,2025050200633,37,60798.259005206535,i,270.89638264424957,-23.349112964172118,66.36116027832031,18730.4,425.137,False,23697.4,0.403596,104598.0,393.279,False,86874.5,35.2182,20.71863234706104,0.02464371375404976,20.463248233912495,1.8491429314548382e-05,18.8511915486448,0.004082269640515245,19.05276920486402,0.00044014843882399593
2000 DL83,121917,MBO,MBO,21163607114396492,745205085983737250,12.5351305,3.4571176,2.7014515,270.8965136620048,-23.349081856804005,2025050200634,92,60798.25951848018,i,270.8963770756447,-23.3491141227436,64.9490737915039,20067.9,401.996,False,24361.0,1.29744,99500.8,368.219,False,80452.6,26.7368,20.64374515827621,0.021749241587699874,20.43326222056095,5.7825115471241926e-05,18.905433602732934,0.004017944637371509,19.13614976934214,0.0003608225261900097
2000 DL83,121917,MBO,MBO,21163607114396492,745205086257415002,12.534902,3.4571173,2.7014391,270.8964445117616,-23.349090197591007,2025050200636,102,60798.26063821534,i,270.89636872456884,-23.349118092098447,65.70269012451172,25922.1,440.486,False,24396.1,0.970261,115815.0,408.8,False,90016.2,43.421,20.365824562189154,0.01844956993757106,20.431699005211403,4.318097927412165e-05,18.740587971224677,0.0038323960389544318,19.014198273779257,0.0005237251924371543
2000 DL83,121917,MBO,MBO,21163607114396492,745205086494393212,12.534699,3.457117,2.701428,270.8963834898003,-23.34909754397632,2025050200638,42,60798.26162603854,i,270.8963689376619,-23.349101906170734,55.208526611328125,26592.4,483.69,False,27148.7,2.90117,123133.0,445.639,False,97278.7,25.5201,20.338106147142,0.019748489787154558,20.315627435045332,0.00011602417104509169,18.674063848231004,0.003929461677774844,18.929955569618382,0.0002848320879901355
2000 DL83,121917,MBO,MBO,21163607114396492,745205087325914713,12.534085,3.4571164,2.7013943,270.8961980167762,-23.349119792472035,2025050200644,92,60798.26462777427,i,270.8960156822344,-23.349157483468407,62.91435623168945,11944.2,322.114,False,21046.5,10.5084,36551.0,300.125,False,25118.3,25.1977,21.207107315160254,0.029280390564850177,20.59205029079038,0.0005421020261953046,19.992751841666742,0.008915120747805356,20.400024358424595,0.0010891682502048095
2000 DL83,121917,MBO,MBO,21163607114396492,745205087595921473,12.533885,3.4571161,2.7013834,270.89613741000585,-23.349127036345244,2025050200646,95,60798.265607206486,i,270.8959463444185,-23.34915083493037,63.31272506713867,11875.5,320.131,False,20691.3,14.2034,26512.9,283.991,False,17523.3,17.9367,21.213370240011514,0.029268479639086204,20.610530515196288,0.0007452960740648395,20.341356899571196,0.011629784107615011,20.790960211164347,0.0011113502940056032
2000 DL83,121917,MBO,MBO,21163607114396492,745205087997003547,12.533577,3.457116,2.7013664,270.8960444222545,-23.3491381253582,2025050200649,92,60798.26711059436,i,270.89585407432304,-23.349165605969485,70.47964477539062,9320.77,268.236,False,19334.7,17.7744,17718.1,254.073,False,8747.24,89.2163,21.476370576041255,0.031245652778542927,20.684156449157427,0.0009981179511270235,20.77895715271123,0.01556917833812,21.545322364596956,0.011073820475506752
2000 DL83,121917,MBO,MBO,21163607114396492,745205088269632289,12.533368,3.4571157,2.701355,270.89598116794446,-23.34914565121236,2025050200651,100,60798.2681327575,i,270.89578929460987,-23.34918214449355,74.00740814208984,9499.2,267.137,False,19582.4,13.6664,14725.8,239.537,False,6166.76,79.0108,21.455782398721283,0.03053312904350031,20.67033518474035,0.0007577265771649643,20.979802769988932,0.017661111757041603,21.92485742441648,0.013910853168635455
2000 DL83,121917,MBO,MBO,21163607114396492,745205088671760501,12.533058,3.4571154,2.701338,270.89588730169214,-23.34915679328836,2025050200654,99,60798.269648646004,i,270.8958717180439,-23.34916240921564,71.55521392822266,23420.6,327.199,False,20333.9,3.03431,34843.4,301.938,False,11814.1,33.8258,20.476004976008262,0.015168348033453873,20.62944827061419,0.00016201812104017668,20.044698732132073,0.009408525579295078,21.21899842938301,0.0031086497437085034
2000 DL83,121917,MBO,MBO,21163607114396492,745205088944390408,12.532847,3.4571152,2.7013264,270.89582368808294,-23.34916432672889,2025050200656,107,60798.27067534243,i,270.89580505779605,-23.34916981009589,75.75373840332031,22812.9,298.535,False,19642.3,1.93856,29351.1,275.49,False,7353.13,70.5807,20.504548739508152,0.014208200461733256,20.667019107299666,0.00010715469691206499,20.230939059265943,0.010190741077052739,21.733819406881274,0.0104216879919259
2000 DL83,121917,MBO,MBO,21163607114396492,745205089181893410,12.532645,3.457115,2.7013154,270.89576228562663,-23.349171584834824,2025050200658,48,60798.27166606662,i,270.89574368568327,-23.34917559692192,74.73526000976562,22885.7,306.041,False,21112.9,6.07841,27919.2,282.853,False,6000.35,34.607,20.501089535467077,0.01451910096759195,20.588630253168652,0.00031258376838916486,20.285242605869456,0.010999733082325156,21.954558523605677,0.006261979807295758
2000 DL83,121917,MBO,MBO,21163607114396492,745205090418164253,12.531086,3.4571133,2.70123,270.89528992787734,-23.349226977996445,2025050200667,102,60798.27928058784,g,270.8952727594843,-23.349235100708224,76.83126831054688,13831.2,179.498,False,12481.5,0.0108269,13738.6,176.711,False,-78.5688,5.25211,21.047850331435747,0.014090424238132926,21.15933304733574,9.418064300823473e-07,21.055143832841136,0.013965144508444417,nan,nan
2000 DL83,121917,MBO,MBO,21163607114396492,745205090655142186,12.530885,3.4571133,2.701219,270.89522893271663,-23.349234073913305,2025050200669,42,60798.28026256796,g,270.89521302317155,-23.34924250847853,74.60516357421875,14398.7,191.698,False,13787.0,0.948429,14353.6,190.422,False,-109.411,4.60231,21.004191777310808,0.01445501705264363,21.051325561026424,7.468946764412835e-05,21.007597931218623,0.014403916928722744,nan,nan
2000 DL83,121917,MBO,MBO,21163607114396492,745205090817147146,12.530786,3.457113,2.7012136,270.89519880182786,-23.34923757441339,2025050200670,95,60798.2807476119,g,270.89518046967913,-23.349244378488596,79.6085205078125,13630.3,168.361,False,12232.1,0.277065,13590.2,169.457,False,-89.0049,6.80947,21.06373647888553,0.01341097610260764,21.181247477502712,2.459263093154423e-05,21.066935364224843,0.013538108210383475,nan,nan
2000 DL83,121917,MBO,MBO,21163607114396492,745205091089252458,12.5305805,3.4571128,2.7012024,270.8951367259904,-23.349244776165484,2025050200672,102,60798.281746804816,g,270.89511743040066,-23.349248311993083,80.95318603515625,14165.6,174.028,False,12777.1,0.11237,13748.1,170.743,False,-105.172,6.79741,21.02191259424053,0.013338545866005046,21.133919298659954,9.54865973399397e-06,21.05439332480277,0.013484180211640466,nan,nan
2000 DL83,121917,MBO,MBO,21163607114396492,745205091324657946,12.530378,3.4571126,2.7011912,270.89507525523857,-23.349251894458064,2025050200674,39,60798.28273546741,g,270.89505425546423,-23.34925426381082,78.73802185058594,14432.1,183.008,False,13043.0,0.00851646,14484.2,183.96,False,-142.633,5.28215,21.00167620580165,0.013767810087729775,21.11155626430221,7.089341915711481e-07,20.997763702885514,0.013789649191774712,nan,nan
2000 DL83,121917,MBO,MBO,21163607114396492,745205091486663339,12.530279,3.4571126,2.701186,270.8950452909985,-23.349255359526005,2025050200675,92,60798.283217045726,g,270.89502284595983,-23.349263050881362,81.52074432373047,12635.4,155.177,False,13034.2,0.0489016,12155.6,159.575,False,-124.138,4.92894,21.14602747900125,0.01333406809105453,21.112289032148073,4.073455647550121e-06,21.188059033717572,0.014253213097546473,nan,nan
2000 DL83,121917,MBO,MBO,21163607114396492,745205091756671062,12.530071,3.4571123,2.7011745,270.89498205532294,-23.34926266182733,2025050200677,95,60798.28423487743,g,270.89496178103985,-23.349270281406096,80.1517333984375,14521.6,179.226,False,12747.4,0.0452269,15137.6,179.831,False,-167.937,5.88103,20.994963854533793,0.013400187308238347,21.136445932411995,3.85211754362475e-06,20.949857465169778,0.012898281470270728,nan,nan
2000 DL83,121917,MBO,MBO,21163607114396492,745205091995746382,12.529861,3.457112,2.701163,270.894918554265,-23.34926998074631,2025050200679,39,60798.28525525569,g,270.8948960034229,-23.34928179247222,78.02072143554688,14560.1,186.297,False,13043.5,0.106386,13618.5,178.928,False,-185.861,5.43733,20.99208913473226,0.013892033707428735,21.111514643685993,8.855531887336804e-06,21.064676812114953,0.014265051282124942,nan,nan
2000 DL83,121917,MBO,MBO,21163607114396492,745205092157752231,12.529763,3.457112,2.7011578,270.8948886949276,-23.349273417377248,2025050200680,92,60798.28573578752,g,270.8948665572109,-23.349278634476793,76.96154022216797,15025.5,192.817,False,13292.0,0.142617,14140.4,188.671,False,-213.476,5.25367,20.957927667925713,0.01393287406414069,21.091024168483315,1.1649446481050619e-05,21.023845732893555,0.014486643625932126,nan,nan
2000 DL83,121917,MBO,MBO,21163607114396492,745205092430381486,12.529556,3.4571118,2.7011464,270.8948259786059,-23.349280625542413,2025050200682,100,60798.2867433915,g,270.8948077537991,-23.34928225400271,71.14158630371094,14208.5,197.731,False,12551.4,0.21878,13589.2,193.285,False,-236.817,4.68243,21.018629420963904,0.015109526589813233,21.153269540439126,1.8925168123244563e-05,21.067015258276196,0.01544289018460029,nan,nan
2000 DL83,121917,MBO,MBO,21163607114396492,745205092832510142,12.529243,3.4571116,2.7011294,270.89473094080245,-23.349291522426263,2025050200685,99,60798.28827062243,g,270.89471193654657,-23.349289782410057,83.14476776123047,14391.7,171.708,False,12726.4,0.0400601,14392.9,170.219,False,-188.844,6.88941,21.004719741735055,0.012953965246067657,21.13823604340962,3.4176749707816547e-06,21.004629200579174,0.012840561642208594,nan,nan
2000 DL83,121917,MBO,MBO,21163607114396492,745205093105140097,12.529031,3.4571114,2.7011178,270.89466625494504,-23.34929892124782,2025050200687,107,60798.28930930965,g,270.8946511329321,-23.349307506173137,81.66082000732422,14464.6,176.522,False,13145.1,0.448692,14114.9,175.439,False,-193.736,6.4018,20.999233958590928,0.013250026613805171,21.10309029649998,3.7060285360724234e-05,21.02580545584624,0.013494992080617375,nan,nan
2000 DL83,121917,MBO,MBO,21163607114396492,745205093507792998,12.528717,3.457111,2.7011006,270.8945709087372,-23.349309800536783,2025050200690,107,60798.29084019125,g,270.89455294837035,-23.349314259447986,59.39197540283203,14861.3,248.148,False,14091.1,0.152237,13828.8,249.56,False,-389.469,3.63977,20.969858011210405,0.018129185592457884,21.02763778769322,1.1730044148612181e-05,21.048038776194506,0.019593625508763996,nan,nan
2000 DL83,121917,MBO,MBO,21163607114396492,745205094008487977,12.528296,3.4571104,2.7010777,270.89444324922977,-23.349324317513968,2025050200694,38,60798.29288904932,g,270.89442550779023,-23.349328181677897,70.42328643798828,14489.8,205.723,False,13503.8,0.0694387,12709.4,198.139,False,-247.626,4.27716,20.99734403706743,0.015415045071832665,21.073860022835,5.583029616690428e-06,21.139687345720716,0.016926580914902917,nan,nan
2000 DL83,121917,MBO,MBO,21163607114396492,745205094444696251,12.527968,3.4571102,2.7010598,270.8943433351202,-23.349335640025654,2025050200697,102,60798.29449258432,g,270.89432929149297,-23.349341460927036,65.35733032226562,15025.4,227.869,False,14210.6,8.27766,13945.7,225.525,False,-340.144,3.5557,20.957934865680414,0.016465825894055614,21.018468992100942,0.0006324402770685065,21.038899188735712,0.017558146777999217,nan,nan
2000 DL83,121917,MBO,MBO,21163607114396492,745205095083278377,12.5256405,3.4571078,2.700933,270.8936349821928,-23.34941492620568,2025050200702,40,60798.30584145313,u,270.89362264568086,-23.34940245253448,11.485116958618164,4099.01,351.797,False,3824.52,8.68546,3934.7,348.879,False,-58.7018,9.54358,22.36830261750955,0.0931831730794104,22.443557653530128,0.0024656998596499532,22.412720950205582,0.09626923620474416,nan,nan
2000 DL83,121917,MBO,MBO,21163607114396492,745205095246331919,12.525518,3.4571078,2.7009263,270.8935979261324,-23.349419026564245,2025050200703,95,60798.30643426111,u,270.89356680599803,-23.349406886580304,11.474899291992188,3974.17,342.918,False,4285.15,5.73985,3790.46,342.119,False,-64.5407,9.04935,22.40188391971686,0.09368459184864765,22.32008495265883,0.0014543162187900945,22.453270216256264,0.0979962789411002,nan,nan
2000 DL83,121917,MBO,MBO,21163607114396492,745205095514767395,12.525252,3.4571073,2.7009118,270.8935166762347,-23.34942800070957,2025050200705,95,60798.30773465221,u,270.89349323772115,-23.349418163423238,11.827946662902832,3797.73,318.561,False,3701.63,5.85411,3649.14,317.702,False,-60.4287,8.89379,22.451189792363234,0.09107367241460324,22.47901751871732,0.0017170865588218079,22.49452371825994,0.09452653758750165,nan,nan
2000 DL83,121917,MBO,MBO,21163607114396492,745205096188477598,12.524604,3.4571068,2.7008765,270.8933192235297,-23.34944971597834,2025050200710,100,60798.310892209374,u,270.89330955226444,-23.349478901768332,10.879119873046875,3581.8,326.5,False,3593.45,2.34319,3332.54,327.608,False,-107.347,8.47612,22.51474665489584,0.09897059188703469,22.511220998822203,0.0007079787399505384,22.59306156004449,0.10673416200693893,nan,nan
2000 DL83,121917,MBO,MBO,21163607114396492,745209471818006558,12.343059,3.456918,2.6909633,270.8402167365626,-23.3552962400424,2025050300543,95,60799.20929175007,u,270.84021406367043,-23.355286204332398,12.173563003540039,4744.52,386.063,False,4743.23,2.53136,4312.91,388.611,False,-112.573,7.65409,22.209519291291265,0.08834667405102004,22.20981454403809,0.0005794340805579847,22.313073971752708,0.09782930985441152,nan,nan
2000 DL83,121917,MBO,MBO,21163607114396492,745209472088539314,12.342813,3.4569178,2.6909502,270.8401389247433,-23.355305675405177,2025050300545,99,60799.21047262172,u,270.8401208505726,-23.35531423766969,13.615376472473145,4867.45,359.922,False,4780.99,8.4713,4632.61,356.506,False,-70.8939,10.1857,22.181746208924864,0.08028440506374791,22.201205358477207,0.0019237849893704018,22.235435681263326,0.08355365459760186,nan,nan
2000 DL83,121917,MBO,MBO,21163607114396492,745209472325517453,12.342572,3.4569175,2.6909373,270.84006278696694,-23.35531489107664,2025050300547,39,60799.21162771809,u,270.84008350177464,-23.355303336901883,11.639446258544922,4332.45,367.309,False,4380.18,5.86632,4062.51,369.102,False,-84.0844,7.82494,22.308166052796093,0.09204968350869129,22.296270061788732,0.0014541128222404153,22.378013889844595,0.09864526919374109,nan,nan
2000 DL83,121917,MBO,MBO,21163607114396492,745209472487522414,12.342451,3.4569173,2.6909308,270.8400244728392,-23.355319522339503,2025050300548,92,60799.212208461075,u,270.84000092447747,-23.355331955143715,12.391732215881348,4201.81,334.849,False,4013.03,0.759581,4256.27,336.011,False,-38.5895,7.32809,22.34140895905474,0.08652406374800295,22.391318976126943,0.00020550671638705725,22.327427070043456,0.08571338081908447,nan,nan
2000 DL83,121917,MBO,MBO,21163607114396492,745209472996606010,12.341966,3.4569168,2.6909049,270.83987085583567,-23.355338048815376,2025050300552,39,60799.21453612241,u,270.8398481899502,-23.355340723236807,12.0470609664917,3967.68,321.583,False,3665.88,12.4206,3849.31,322.704,False,3.15838,11.3469,22.403658422903014,0.08799961701363175,22.48955442337064,0.0036786516383476896,22.436542763629497,0.09102187710392752,30.151339036919158,3.900651601028032
2000 DL83,121917,MBO,MBO,21163607114396492,745209473158611086,12.341843,3.4569168,2.6908984,270.8398319652958,-23.355342728360675,2025050300553,92,60799.215125856645,u,270.83978184131564,-23.355344772216647,15.12441635131836,4787.16,314.749,False,4659.16,4.55689,4600.19,313.789,False,22.3154,10.612,22.199805106972946,0.07138561607932821,22.22923090161064,0.0010619039268753097,22.243060589925637,0.07406043747861747,28.028488350621934,0.5163175895915515
2000 DL83,121917,MBO,MBO,21163607114396492,745209473430716435,12.341603,3.4569166,2.6908855,270.83975600485235,-23.3553518558646,2025050300555,99,60799.216275210085,u,270.83974210841643,-23.35537690673038,14.217718124389648,4638.39,319.27,False,4368.68,1.84924,4734.19,320.232,False,37.9674,9.45874,22.2340818137285,0.07473346914498506,22.29912437036015,0.00045958657517412757,22.211885804098355,0.07344180837561341,27.451472867123794,0.270487229381634
2000 DL83,121917,MBO,MBO,21163607114396492,745209473666646028,12.341353,3.4569163,2.6908722,270.83967683446883,-23.355361351435214,2025050300557,37,60799.21747359655,u,270.83965819588525,-23.355365242316445,14.911755561828613,4605.86,302.221,False,4330.54,6.29859,4470.52,304.689,False,41.2355,11.3648,22.24172319976008,0.0712423521971642,22.308644854174112,0.001579158104811767,22.274104889889827,0.07399852187438867,27.361821828766892,0.2992367065131719
2000 DL83,121917,MBO,MBO,21163607114396492,745209474104426676,12.340991,3.4569159,2.6908529,270.8395619070712,-23.35537510354185,2025050300560,104,60799.219211773336,u,270.8395587671823,-23.355378937847714,13.528252601623535,4582.57,334.29,False,4353.83,6.57601,4816.41,332.748,False,37.7152,9.43205,22.247227272519993,0.0792024517003411,22.302821311671345,0.001639892292169847,22.193191341226008,0.07500950366900425,27.4587090049991,0.27152761493413374
2000 DL83,121917,MBO,MBO,21163607114396492,745209474343501885,12.340743,3.4569156,2.6908398,270.8394832349911,-23.35538449541268,2025050300562,48,60799.22040050759,u,270.83947763152474,-23.355422868879245,14.342747688293457,4799.72,330.715,False,4552.21,6.36035,4784.3,332.439,False,36.1968,9.1188,22.196960194420882,0.07481045329893028,22.25444428811985,0.0015169911916400071,22.20045403354316,0.07544281668627363,27.50332454763355,0.27352173169386973
2000 DL83,121917,MBO,MBO,21163607114396492,745209474506555519,12.340619,3.4569156,2.690833,270.8394439175119,-23.35538918243467,2025050300563,103,60799.220994663,u,270.8393893809423,-23.355396478281804,12.67184066772461,4453.05,347.846,False,4070.82,1.73338,4384.68,348.855,False,34.7279,11.3032,22.27835611879669,0.08481131392134936,22.375795232902888,0.0004623130837610208,22.295155197853717,0.0863836130469115,27.548303648721742,0.35338424443480815
2000 DL83,121917,MBO,MBO,21163607114396492,745209474774466572,12.340375,3.4569154,2.6908202,270.8393664459428,-23.355398404713466,2025050300565,102,60799.22216487663,u,270.8393512283302,-23.355398562198765,15.434560775756836,4893.48,318.994,False,4565.15,0.118829,4843.65,316.578,False,33.86,8.69443,22.175955460168137,0.07077648693658184,22.25136239324761,2.8261272246302053e-05,22.18706813769478,0.07096305603021952,27.575782595996507,0.2787908340799644
2000 DL83,121917,MBO,MBO,21163607114396492,745209475008823308,12.340133,3.4569151,2.6908073,270.8392895337129,-23.355407543225663,2025050300567,37,60799.22332541254,u,270.8392668825433,-23.355425678443215,15.387808799743652,4873.75,310.524,False,4559.87,2.48637,4790.03,308.208,False,21.2851,10.0402,22.180341879509893,0.06917612412052491,22.25261881888283,0.0005920216918788475,22.199154465164643,0.06986023212536079,28.0798107149938,0.5121426921492869
2000 DL83,121917,MBO,MBO,21163607114396492,745209475171876972,12.340005,3.456915,2.6908004,270.8392489762298,-23.355412355259023,2025050300568,92,60799.223937647315,u,270.83921607487645,-23.35544294816025,14.696548461914062,4542.25,304.445,False,4283.84,1.0004,4275.35,305.166,False,15.6458,8.94212,22.25682241602577,0.07277163670202172,22.32041693533096,0.00025355066517283983,22.322570790494634,0.07749769046362852,28.41400558928538,0.6205360685040826
2000 DL83,121917,MBO,MBO,21163607114396492,745209475445555285,12.339734,3.4569147,2.6907861,270.83916299044495,-23.35542254145461,2025050300570,102,60799.22523476149,u,270.83914329839223,-23.3554118374201,14.406198501586914,4726.49,324.916,False,4823.73,3.90015,4690.55,323.404,False,9.70151,12.4651,22.2136530877144,0.0746374224937819,22.191542527084014,0.0008778547186486228,22.221940620745777,0.07485933145837961,28.932901612767562,1.3950209895212062
2000 DL83,121917,MBO,MBO,21163607114396492,745209475682533490,12.339489,3.4569144,2.690773,270.83908492146963,-23.3554317712005,2025050300572,42,60799.22641118686,u,270.8390480932563,-23.355439722495742,14.896988868713379,5037.29,333.284,False,4828.65,4.77753,5009.31,334.149,False,12.931,8.09339,22.144507606110658,0.07183594725527105,22.190435704138434,0.001074241787068574,22.150555215461353,0.07242467496046079,28.62091974122748,0.6795520232592277
2000 DL83,121917,MBO,MBO,21163607114396492,745209475844538397,12.339362,3.4569142,2.6907663,270.83904464564307,-23.35543652590388,2025050300573,95,60799.227018345504,u,270.83900957469916,-23.355428569811597,12.929854393005371,4169.15,320.86,False,4196.0,1.61025,4106.95,322.283,False,12.1016,9.19832,22.34988122369161,0.08355883355465665,22.342911301196196,0.0004166603240157347,22.36620140943033,0.08520052429156119,28.692893042793177,0.8252586205284134
2000 DL83,121917,MBO,MBO,21163607114396492,745209476115071122,12.339117,3.456914,2.6907532,270.83896672062866,-23.355445711826505,2025050300575,99,60799.22819260982,u,270.8389143361259,-23.355458979189727,12.455684661865234,3994.67,321.498,False,4261.23,23.0564,3909.96,318.407,False,15.3251,10.4961,22.39629775115698,0.08738193888602783,22.326162565253846,0.005874634476627142,22.41956922468996,0.0884167677549219,28.436491711200027,0.7436164385113131
2000 DL83,121917,MBO,MBO,21163607114396492,745209476352049285,12.338872,3.4569137,2.6907403,270.8388888925492,-23.35545486867008,2025050300577,39,60799.229364891,u,270.83886385710457,-23.35547158294139,13.945744514465332,4800.31,343.838,False,4625.72,8.41017,4904.79,346.042,False,10.0637,7.69605,22.19682677510926,0.07776943039065884,22.237051597322555,0.001974011656636384,22.17344894717707,0.0766006936672893,28.893105825140996,0.8302990481254394
2000 DL83,121917,MBO,MBO,21163607114396492,745209476514054241,12.338743,3.4569137,2.6907334,270.83884777277035,-23.3554596994785,2025050300578,92,60799.22998395513,u,270.8388331548481,-23.35546486380339,14.532845497131348,4499.3,305.246,False,4246.85,3.73458,4457.61,306.989,False,6.99723,9.0107,22.26713766812889,0.07365960267817037,22.329832670403956,0.0009547708691693523,22.277244860746727,0.07477305031831431,29.287684618105374,1.3981594704441935
2000 DL83,121917,MBO,MBO,21163607114396492,745209477023137858,12.338245,3.4569132,2.690707,270.838689379786,-23.355478261586395,2025050300582,39,60799.23236617951,u,270.8386438900199,-23.355478034465733,16.27218246459961,5523.61,333.262,False,5677.64,1.51961,5518.68,332.893,False,6.77749,9.46885,22.04444250889012,0.06550690958796403,22.01458034406842,0.0002905953187912321,22.04541193471276,0.06549283102657288,29.322327764072753,1.51688504136664
2000 DL83,121917,MBO,MBO,21163607114396492,745209477185142917,12.3381195,3.456913,2.6907003,270.838649409795,-23.355482934095495,2025050300583,92,60799.232967845805,u,270.83865397791686,-23.35548369149406,15.476719856262207,5116.44,325.258,False,5005.29,1.52758,5011.52,325.598,False,7.19608,10.7067,22.12758029852565,0.06902150435852795,22.15142687902071,0.0003313592066570366,22.15007632606374,0.07054018075787648,29.25726001158555,1.6154144813062588
2000 DL83,121917,MBO,MBO,21163607114396492,745209477457248268,12.337868,3.4569128,2.690687,270.8385691762669,-23.35549229932386,2025050300585,99,60799.234173184275,u,270.83857403719435,-23.355522910363625,13.086045265197754,4351.91,327.81,False,4038.09,1.7196,4277.22,327.489,False,11.6473,13.0252,22.303300197709213,0.08178366966512195,22.384559990946677,0.0004623551966553539,22.322095973241858,0.0831303185115695,28.734436867370853,1.2141810873245404
2000 DL83,121917,MBO,MBO,21163607114396492,745209477693177869,12.337618,3.4569125,2.6906736,270.83848943896555,-23.355501587959708,2025050300587,37,60799.23537176185,u,270.83845560751445,-23.35552877933836,14.296555519104004,4709.77,324.729,False,4726.44,10.5204,4317.47,324.117,False,7.11744,8.45645,22.21750074793522,0.07485928926762117,22.2136646407241,0.0024166982679349786,22.311926624600225,0.08150735239331068,29.26919042904364,1.289996704172182
2000 DL83,121917,MBO,MBO,21163607114396492,745209478130958490,12.33724,3.456912,2.6906538,270.83836929996727,-23.35551554782344,2025050300590,104,60799.23717577841,u,270.8383473671131,-23.355520578765077,14.107054710388184,4451.08,311.375,False,4322.77,0.633165,4471.11,309.742,False,-5.52345,9.31731,22.278836480944463,0.07595260135130474,22.310594673081997,0.00015903001154562605,22.273961646493746,0.0752158006823595,nan,nan
2000 DL83,121917,MBO,MBO,21163607114396492,745209478370033719,12.33699,3.4569118,2.6906404,270.83828954061966,-23.355524792283795,2025050300592,48,60799.238372862776,u,270.8382512767301,-23.355503185573685,14.713144302368164,5137.55,347.634,False,5004.16,2.78985,4838.23,352.025,False,-40.9879,7.54514,22.123109887341457,0.07346669853717192,22.151671998314566,0.000605304597082836,22.18828372931388,0.07899712961063969,nan,nan
2000 DL83,121917,MBO,MBO,21163607114396492,745209478533087328,12.336864,3.4569118,2.6906338,270.83824948124493,-23.355529428296517,2025050300593,103,60799.238973200016,u,270.8382133276613,-23.355521689961233,10.088079452514648,3927.57,384.171,False,4409.05,17.677,3712.78,384.286,False,-56.3434,7.49088,22.41469014587249,0.10620010474425602,22.289137488373754,0.004352992093853388,22.47575195153229,0.11237758002158826,nan,nan
2000 DL83,121917,MBO,MBO,21163607114396492,745209478800998414,12.336615,3.4569116,2.6906207,270.8381698031248,-23.3555386353155,2025050300595,102,60799.240168812416,u,270.83819065718296,-23.355522122507956,12.537984848022461,4570.76,359.683,False,4594.95,2.30023,4171.01,347.339,False,-67.815,7.09471,22.25002901044172,0.08543894023529826,22.244297978930895,0.0005435190617112262,22.349396983337897,0.09041420115322918,nan,nan
2000 DL83,121917,MBO,MBO,21163607114396492,745209479035355154,12.336365,3.4569113,2.6906073,270.8380898906043,-23.3555478506766,2025050300597,37,60799.24136687386,u,270.838043121915,-23.35555192662256,14.357748031616211,5116.96,352.795,False,4778.48,4.86552,4879.52,353.032,False,-123.629,7.11801,22.127469953178426,0.07485740006971695,22.201775572840667,0.0011055128913511898,22.1790572396249,0.07855273394775954,nan,nan
2000 DL83,121917,MBO,MBO,21163607114396492,745209479198408794,12.336238,3.456911,2.6906006,270.8380495211684,-23.35555249886323,2025050300598,92,60799.24197183933,u,270.83803903609567,-23.355539071094547,15.208751678466797,4826.01,313.329,False,4734.5,5.73638,4580.94,312.71,False,-116.084,8.2888,22.191029509034948,0.07049149643081332,22.211814697779943,0.0013154917222717832,22.247613505053806,0.0741159158720946,nan,nan
2000 DL83,121917,MBO,MBO,21163607114396492,745209479472087112,12.335966,3.4569108,2.690586,270.8379628144333,-23.3555624661715,2025050300600,102,60799.243270881525,u,270.83794133880053,-23.355586106500027,15.664623260498047,5293.66,335.935,False,5304.54,0.24357,5235.04,333.022,False,-126.991,9.77904,22.09060985772023,0.06890068091433292,22.088380670385586,4.98540430222099e-05,22.102699980914416,0.06906805738426657,nan,nan
2000 DL83,121917,MBO,MBO,21163607114396492,745209479709065293,12.335715,3.4569106,2.690573,270.83788274750634,-23.35557165054772,2025050300602,42,60799.244469248064,u,270.8378937369671,-23.355526441859983,10.61594009399414,4130.0,392.618,False,4754.27,13.1209,3709.32,394.123,False,-137.928,5.93723,22.360124870858996,0.10321539702133803,22.20729039020584,0.002996429794229991,22.476764227055273,0.11536173394790362,nan,nan
2000 DL83,121917,MBO,MBO,21163607114396492,745209479874740669,12.335114,3.45691,2.690541,270.83769042471727,-23.35559363446488,2025050300603,102,60799.24734745916,g,270.83766765804194,-23.35559947035584,90.73865509033203,15978.8,174.637,False,14663.5,0.3189,17035.5,173.146,False,979.588,6.14582,20.891139611018225,0.01186632968377071,20.984405891211004,2.3612457045955326e-05,20.821612787900335,0.011035242679574654,23.922391345036466,0.006811781430930661
2000 DL83,121917,MBO,MBO,21163607114396492,745209480111718987,12.3349,3.4569097,2.6905298,270.83762215089314,-23.355601412434023,2025050300605,42,60799.2483689388,g,270.8376001980542,-23.355606875876887,93.4741439819336,15815.0,168.83,False,14377.3,0.17024,16668.1,169.486,False,598.26,6.69554,20.902327009370644,0.011590568791486396,21.005806677448497,1.2856081036766417e-05,20.845284782105075,0.011040075503202166,24.45777506567846,0.012151221905013165
2000 DL83,121917,MBO,MBO,21163607114396492,745209480273723615,12.334791,3.4569097,2.690524,270.83758730281204,-23.35560537713545,2025050300606,95,60799.248889826464,g,270.837567315747,-23.355613257276563,95.37934875488281,15875.6,165.41,False,14275.5,0.0532628,16527.9,165.947,False,451.187,7.42655,20.898174656881288,0.011312431279702523,21.013521679082146,4.050950951152905e-06,20.85445578299232,0.010901243864740406,24.764108527105584,0.017871246081844348
2000 DL83,121917,MBO,MBO,21163607114396492,745209480544256926,12.334576,3.4569094,2.6905127,270.83751845834854,-23.35561319910468,2025050300608,99,60799.2499180488,g,270.83749741286937,-23.3556174339507,92.5755844116211,15649.3,168.666,False,14000.3,0.127465,16524.4,172.322,False,247.607,7.76595,20.913762723211295,0.011701915446369707,21.034656660424524,9.88502829307171e-06,20.854685726242323,0.011322422394329184,25.41559272782699,0.034053049722281195
2000 DL83,121917,MBO,MBO,21163607114396492,745209480781234763,12.334364,3.4569092,2.6905015,270.83745079528694,-23.35562087321061,2025050300610,39,60799.250929194866,g,270.83742691494894,-23.355625282739357,92.05352020263672,15635.7,168.287,False,14698.1,0.847271,15819.4,167.864,False,110.828,5.86853,20.91470666370668,0.011685776088759217,20.981847034305588,6.258719506123053e-05,20.902024954431184,0.011521044796398122,26.2883762312102,0.05749156441006366
2000 DL83,121917,MBO,MBO,21163607114396492,745209480943239777,12.334259,3.4569092,2.690496,270.8374172565922,-23.35562467203947,2025050300611,92,60799.251430186465,g,270.8373966830312,-23.355627773067514,93.85902404785156,15258.5,161.238,False,13951.0,0.512027,15298.1,161.126,False,30.6782,8.16144,20.941220394940736,0.01147307673360709,21.038486653213138,3.984848964941397e-05,20.938406289038127,0.011435429490062174,27.682925322183603,0.2888425932628079
2000 DL83,121917,MBO,MBO,21163607114396492,745209481452323025,12.333842,3.4569087,2.6904738,270.837283850944,-23.355639749607665,2025050300615,39,60799.253422270835,g,270.8372641357715,-23.355644320966103,91.77363586425781,15098.2,163.688,False,13987.5,0.590289,15308.3,164.444,False,-37.4501,9.05426,20.9526870509444,0.011771071348171297,21.03564975115898,4.581934834557366e-05,20.937682602360283,0.011663137448199648,nan,nan
2000 DL83,121917,MBO,MBO,21163607114396492,745209481614328637,12.333736,3.4569085,2.6904683,270.8372500170741,-23.35564356516774,2025050300616,92,60799.25392776825,g,270.8372291648991,-23.355647812504454,92.49198150634766,15409.2,163.466,False,13599.5,1.05829,15376.8,162.295,False,-31.6149,19.0002,20.93054975618525,0.011517856599201999,21.06619264658047,8.44901484076074e-05,20.9328350995321,0.011459442640949394,nan,nan
2000 DL83,121917,MBO,MBO,21163607114396492,745209481886433399,12.333526,3.4569085,2.690457,270.83718260111857,-23.355651157806275,2025050300618,99,60799.25493321822,g,270.83716321161097,-23.355656367849456,95.0020751953125,14522.8,149.886,False,13854.8,0.400831,14863.1,153.933,False,-29.284,30.0426,20.99487412325819,0.011205598142089709,21.045999362966313,3.141126179631685e-05,20.96972652911814,0.011244668618362525,nan,nan
2000 DL83,121917,MBO,MBO,21163607114396492,745209482122362908,12.333315,3.4569082,2.690446,270.83711516362644,-23.355658739429224,2025050300620,37,60799.25593967097,g,270.8370965040317,-23.355663352472977,88.24960327148438,14305.8,160.827,False,12957.2,0.092441,14534.2,162.863,False,-33.0256,10.2633,21.011219641911318,0.012205937066111535,21.118722077777655,7.746005235645239e-06,20.99402215523086,0.012166219007324867,nan,nan
2000 DL83,121917,MBO,MBO,21163607114396492,745209482799218931,12.332791,3.4569075,2.6904182,270.83694728230864,-23.35567755499182,2025050300625,48,60799.25844262299,g,270.8369273179207,-23.355683392089638,92.54402923583984,13969.9,150.306,False,12711.5,0.0404334,14137.3,149.494,False,-22.7874,21.0047,21.037016726295814,0.011681734383504935,21.139507995510105,3.4535661084451304e-06,21.02408382993812,0.011481050413797593,nan,nan
2000 DL83,121917,MBO,MBO,21163607114396492,745209482962272688,12.3326845,3.4569075,2.6904128,270.83691305964214,-23.35568138032442,2025050300626,103,60799.25895284065,g,270.8368945001261,-23.355687210433413,87.15763854980469,13775.3,157.162,False,11966.7,0.0115764,13736.4,156.084,False,-28.3478,16.1516,21.052247351044425,0.01238713339200006,21.205063973302074,1.050324362265905e-06,21.055317646957544,0.012337005661360803,nan,nan
2000 DL83,121917,MBO,MBO,21163607114396492,745209483230183529,12.332471,3.4569073,2.6904016,270.836844732642,-23.355689007401477,2025050300628,102,60799.25997045313,g,270.83682347128433,-23.35569200417936,86.74906921386719,13841.2,159.018,False,12859.8,0.110381,13898.9,161.3,False,-29.3343,8.42143,21.04706562448102,0.01247374528245678,21.126914480628297,9.319324527564376e-06,21.04254889382054,0.01260022363056989,nan,nan
2000 DL83,121917,MBO,MBO,21163607114396492,745209483464540216,12.332257,3.456907,2.69039,270.83677604884707,-23.355696660390063,2025050300630,37,60799.26099359641,g,270.8367531192491,-23.355698958974052,87.95670318603516,13328.1,151.571,False,12068.1,0.0529834,13485.1,152.345,False,-13.8832,17.4885,21.088079425414897,0.012347305781529823,21.195902784603707,4.766781591903798e-06,21.075364603071822,0.012265870348057812,nan,nan
2000 DL83,121917,MBO,MBO,21163607114396492,745209483627594241,12.332149,3.456907,2.6903844,270.8367413968202,-23.355700516144704,2025050300631,92,60799.261509013304,g,270.8367223989474,-23.355704985274542,90.13838195800781,13933.5,153.528,False,11850.1,0.00735369,13769.2,151.281,False,-7.57257,21.5022,21.039849445164066,0.011963319188399895,21.215694997632564,6.737637421517818e-07,21.05272821414534,0.011928889319923378,nan,nan
2000 DL83,121917,MBO,MBO,21163607114396492,745209483901272554,12.331918,3.4569068,2.6903722,270.8366674413469,-23.355708733342592,2025050300633,102,60799.26261089513,g,270.83664819660686,-23.35571566343357,85.01994323730469,14412.9,167.351,False,12944.6,0.624758,14471.7,165.405,False,-1.43585,7.61542,21.003121537053392,0.012606694865354845,21.11977844556182,5.240195957116331e-05,20.99870110792003,0.012409474574440551,nan,nan
2000 DL83,121917,MBO,MBO,21163607114396492,745209484300255418,12.331598,3.4569063,2.6903555,270.83656489850773,-23.355720100120774,2025050300636,95,60799.26413609742,g,270.8365441657715,-23.355726705504804,82.65599060058594,13269.9,160.295,False,11741.9,0.173676,13488.8,160.713,False,15.5813,8.20734,21.0928308427945,0.01311525164699936,21.225654020419093,1.605926756214474e-05,21.07506672726388,0.012936059725002082,28.41849079147926,0.571903921280358
2000 DL83,121917,MBO,MBO,21163607114396492,745209484807766399,12.331173,3.456906,2.690333,270.83642835082605,-23.355735188030263,2025050300640,39,60799.266167372654,g,270.83640971277424,-23.355740836523708,82.8804931640625,13247.6,158.775,False,11743.4,0.157852,13370.3,158.283,False,7.38143,16.5382,21.094657015797665,0.013012754337900546,21.225515329045752,1.4594207743843764e-05,21.084647135909805,0.012853383347947882,29.229648714114603,2.4326075773588336
2000 DL83,121917,MBO,MBO,21163607114396492,745209484969771702,12.331066,3.4569058,2.6903274,270.8363939829511,-23.355738976842638,2025050300641,92,60799.2666783764,g,270.8363748974367,-23.355744022603457,82.52818298339844,13057.6,156.852,False,11912.9,0.285577,12943.5,155.348,False,-9.48344,9.27698,21.110341631200733,0.013042205743575863,21.209956223855322,2.6027354976293175e-05,21.11987067988788,0.013031016012392259,nan,nan
2000 DL83,121917,MBO,MBO,21163607114396492,745209485239779341,12.330858,3.4569056,2.6903164,270.83632738532856,-23.35574630881434,2025050300643,95,60799.26766852032,g,270.83630331434,-23.355751297626263,72.60872650146484,13092.7,179.351,False,12774.2,0.60747,13263.9,181.08,False,56.9956,4.48375,21.107426941875374,0.014873010830583122,21.134165704819942,5.1631580537831174e-05,21.09332187062676,0.014822571653554188,27.01039664376073,0.0854130743749537
2000 DL83,121917,MBO,MBO,21163607114396492,745209485478854792,12.3306465,3.4569054,2.6903052,270.83625949059217,-23.355753770093564,2025050300645,39,60799.26867701077,g,270.83623814094045,-23.35575476380989,77.48169708251953,13281.5,169.716,False,12444.6,0.334576,13406.2,170.896,False,19.4023,5.16728,21.09188218347895,0.01387394567162919,21.16254767938542,2.919027525733021e-05,21.081735748893408,0.013840459451893414,28.180366968161767,0.28915660641179053
2000 DL83,121917,MBO,MBO,21163607114396492,745209485640860380,12.330547,3.4569054,2.6903,270.8362275889708,-23.355757271211303,2025050300646,92,60799.26915117627,g,270.8362123624767,-23.355763746677283,85.13993835449219,13479.3,157.595,False,12893.1,0.0962866,13348.4,154.176,False,-3.78331,7.40012,21.075831667657994,0.012694027211614932,21.1241066551381,8.10835666654559e-06,21.086426937461617,0.012540413430798578,nan,nan
2000 DL83,121917,MBO,MBO,21163607114396492,745209485912965225,12.330337,3.4569051,2.690289,270.83615993578456,-23.35576468601602,2025050300648,99,60799.2701567288,g,270.8361356081737,-23.355771664852295,82.81339263916016,13802.0,165.688,False,12349.3,0.0336422,14238.1,168.908,False,51.1761,6.94925,21.050144942325048,0.013033869304268477,21.170894164630454,2.9577833497222357e-06,21.016369932688686,0.01288019757365965,27.127331998415976,0.14743312430559877
2000 DL83,121917,MBO,MBO,21163607114396492,745209486315618328,12.330021,3.456905,2.6902723,270.8360583877363,-23.35577579032333,2025050300651,99,60799.271664536915,g,270.8360390059091,-23.35578267209173,83.73204040527344,13119.0,155.973,False,11859.9,0.0286008,13327.5,156.537,False,51.3754,7.78484,21.1052481698387,0.012908418391979041,21.21479739631294,2.6183124538818805e-06,21.088128272007495,0.012752421014254932,27.12311194792209,0.16452003610706056
2000 DL83,121917,MBO,MBO,21163607114396492,745209486588248152,12.329808,3.4569046,2.6902611,270.8359902170837,-23.35578322771685,2025050300653,107,60799.27267619486,g,270.8359734114427,-23.355787465222292,78.45651245117188,13124.1,164.199,False,13654.7,1.76365,13218.3,163.058,False,194.097,7.98849,21.104826205156122,0.013583926513651985,21.061794577139217,0.0001402343929577924,21.09706100526655,0.013393399698406883,25.67995294206102,0.044685868006940896
2000 DL83,121917,MBO,MBO,21163607114396492,745209486825750711,12.329605,3.4569044,2.6902504,270.8359248585513,-23.35579034542476,2025050300655,48,60799.273646770125,g,270.8359071065363,-23.355796246927465,67.25629425048828,13524.7,200.467,False,13267.8,0.303721,14264.1,201.876,False,571.302,3.77805,21.07218088301458,0.01609309422369112,21.09300272522527,2.485422619430052e-05,21.014389092618266,0.015366135666550712,24.50783563521152,0.0071800301688949705
2000 DL83,121917,MBO,MBO,21163607114396492,745209486988804539,12.329501,3.4569044,2.690245,270.8358913643047,-23.355793988145347,2025050300656,103,60799.2741435573,g,270.83586978604137,-23.35579887785785,74.56861877441406,13698.8,183.105,False,13823.4,0.123255,13629.8,181.773,False,337.71,3.94491,21.058293702735703,0.014512492040758523,21.048462781471862,9.680860831125514e-06,21.063776307654333,0.014479854769814202,25.078640225450144,0.012682869247471687
2000 DL83,121917,MBO,MBO,21163607114396492,745209487256715393,12.329291,3.4569042,2.690234,270.83582402576866,-23.355801301637165,2025050300658,102,60799.27514269368,g,270.83580482159147,-23.355809131729917,81.25892639160156,13462.8,164.001,False,12011.5,0.0494925,13892.4,165.514,False,172.653,6.48268,21.077161530577214,0.013226211010107812,21.20100688593798,4.473696032829918e-06,21.043056771124675,0.01293545718224827,25.807064678254275,0.04076662563266907
2000 DL83,121917,MBO,MBO,21163607114396492,745209487491072023,12.329077,3.456904,2.6902227,270.8357551864407,-23.355808764298573,2025050300660,37,60799.276163707545,g,270.8357352837384,-23.355812692765266,85.46410369873047,12794.6,149.451,False,12147.0,0.0891049,12996.0,151.157,False,112.048,13.5671,21.132433250635778,0.012682254299861346,21.18882742127981,7.964469751980907e-06,21.115475743317635,0.012628241380766202,26.276489761201482,0.13146411944349698
2000 DL83,121917,MBO,MBO,21163607114396492,745209487654126033,12.32897,3.4569037,2.690217,270.8357207937896,-23.35581248746539,2025050300661,92,60799.276673050306,g,270.83570125186975,-23.355818867887663,83.5766372680664,13491.7,159.958,False,11993.3,0.109455,13890.6,161.9,False,186.722,5.86741,21.074833295035297,0.012872520234057319,21.20265327457123,9.908803652357416e-06,21.04319751714942,0.012654650617450372,25.722011273034063,0.03411734910526744
2000 DL83,121917,MBO,MBO,21163607114396492,745209487927804385,12.32874,3.4569035,2.6902049,270.8356466660381,-23.355820500285947,2025050300663,102,60799.27777204059,g,270.8356217902828,-23.355826778406808,83.57772064208984,13942.1,165.428,False,12574.0,0.403061,14086.3,163.87,False,145.858,5.76126,21.039179546925297,0.012882648033916567,21.15131635996458,3.480339773601505e-05,21.0280076814296,0.012630682935845367,25.990174351687557,0.04288560469214863
2000 DL83,121917,MBO,MBO,21163607114396492,745209488867328165,12.327529,3.4569023,2.6901414,270.83525715203825,-23.355862338782376,2025050300670,102,60799.28354200022,r,270.8349617680113,-23.355896501034305,76.19830322265625,311.343,198.239,False,16875.3,6.67591,6578.43,181.925,False,6910.68,80.8147,25.166902280575158,0.6913123684080925,20.83187119417227,0.00042951988094060617,21.854694326502685,0.03002578990519862,21.801198013962836,0.012696788227207679
2000 DL83,121917,MBO,MBO,21163607114396492,745209489264739304,12.327226,3.456902,2.6901255,270.83515938670394,-23.355872769909244,2025050300673,92,60799.284989497326,r,270.8348964874384,-23.355904235970993,76.07569885253906,1965.17,196.753,False,15796.0,4.98923,9531.4,188.651,False,7659.76,64.3599,23.166499661628514,0.10870400892137388,20.90363218733873,0.000342934148783258,21.452108216074556,0.02148952026247679,21.689462127517544,0.009122724113212978
2000 DL83,121917,MBO,MBO,21163607114396492,745209489534746798,12.327014,3.4569018,2.6901143,270.83509139824764,-23.35588000743116,2025050300675,95,60799.2859955794,r,270.8348452089401,-23.355912817919265,65.78378295898438,3089.6,219.235,False,15843.3,4.73512,11047.5,205.151,False,8045.52,15.7031,22.67524432459369,0.0770427789969965,20.90038589876707,0.00032449622777011794,21.29183997441417,0.020162015768510906,21.636114700443095,0.002119120252953989
2000 DL83,121917,MBO,MBO,21163607114396492,745209489772250020,12.326812,3.4569016,2.6901038,270.83502630150537,-23.35588692441421,2025050300677,36,60799.28695848846,r,270.83479645525864,-23.355917316679648,70.3511962890625,3658.42,222.579,False,15256.9,3.59679,12130.1,224.971,False,9004.35,74.3408,22.491766116690876,0.06605640636680907,20.941334222961423,0.000255960588696631,21.190339082000037,0.02013661552929865,21.513869127783096,0.00896394506607487
2000 DL83,121917,MBO,MBO,21163607114396492,745209490207932730,12.326504,3.4569013,2.6900876,270.8349269736616,-23.355897454749314,2025050300680,99,60799.288427974236,r,270.8351018920978,-23.355883191685333,71.61286163330078,6682.1,197.708,False,14773.7,1.4743,12797.4,190.299,False,6168.61,48.3254,21.83771755732757,0.03212444027303726,20.976276796055032,0.00010834800318894813,21.132195605307793,0.01614503753488355,21.924531740130853,0.008505747481272209
2000 DL83,121917,MBO,MBO,21163607114396492,745209490428658774,12.326298,3.456901,2.6900768,270.83486062483183,-23.35590447268168,2025050300682,8,60799.289408687604,r,270.8350445983997,-23.355890545804538,66.0669174194336,5852.31,209.994,False,14931.3,4.40734,12530.8,203.928,False,6596.87,52.9017,21.981681681943893,0.03895864878615821,20.96475596068874,0.00032048172103442196,21.155053020903104,0.017669423297445575,21.851655166160867,0.008706748647317504
2000 DL83,121917,MBO,MBO,21163607114396492,745209490610585778,12.326191,3.456901,2.690071,270.8348259907502,-23.355908130922305,2025050300683,99,60799.2899207585,r,270.8350174378026,-23.355888906438967,69.20362854003906,5135.93,193.906,False,14126.4,4.51616,12019.6,186.319,False,6742.77,56.5853,22.1234522230952,0.04099175099270905,21.02492122128909,0.000347106006849005,21.200274997708245,0.016830284766026507,21.827904132156398,0.009111494114866486
2000 DL83,121917,MBO,MBO,21163607114396492,745209490883215819,12.325977,3.4569008,2.69006,270.83475718505554,-23.35591538814372,2025050300685,107,60799.29093749254,r,270.8349386253921,-23.355897893136692,69.5045166015625,4954.24,200.975,False,14524.8,5.84136,13005.8,197.519,False,7572.99,57.9499,22.162557345034614,0.04404425907004903,20.99472461194282,0.00043664465069212,21.114657338181644,0.016489068692414965,21.70183150803083,0.008308251332856634
2000 DL83,121917,MBO,MBO,21163607114396492,745209491120718018,12.325762,3.4569006,2.6900487,270.8346878909945,-23.35592268288587,2025050300687,48,60799.29196196838,r,270.8348799459956,-23.355905806665927,75.91493225097656,4142.87,183.881,False,15208.2,3.20305,10953.5,173.802,False,6872.22,41.4706,22.356746705055595,0.048190324543456516,20.944805448019068,0.00022867053269969202,21.301117718541132,0.01722765563335472,21.807257330829426,0.006551904709769138
2000 DL83,121917,MBO,MBO,21163607114396492,745209491285344411,12.325662,3.4569004,2.6900434,270.8346554720949,-23.355926090879336,2025050300688,106,60799.292440567035,r,270.83485141123833,-23.35590576699155,73.52254486083984,4194.92,193.64,False,14714.0,6.28676,11944.7,191.509,False,7860.02,50.5883,22.343190812844902,0.05011822917771258,20.980673120733798,0.0004638957987913659,21.207061865759606,0.017407574434929567,21.66144086951952,0.006987965349350361
2000 DL83,121917,MBO,MBO,21163607114396492,745209491551682848,12.325458,3.4569001,2.6900327,270.83458981239966,-23.35593298386531,2025050300690,102,60799.29341032234,r,270.8347771321439,-23.35591454979334,77.22661590576172,3583.67,193.187,False,15230.2,4.07734,11402.0,186.484,False,7745.41,59.4324,22.514179995927293,0.05852941842236338,20.943235969967823,0.0002906669470644644,21.257547408329714,0.017757623520759398,21.677388948351467,0.008331115698488665
2000 DL83,121917,MBO,MBO,21163607114396492,745209491949093740,12.325144,3.4569,2.6900163,270.8344884548923,-23.355943599730388,2025050300693,92,60799.29490756752,r,270.83471134843086,-23.355918807505653,79.11578369140625,1712.82,193.351,False,16885.6,7.04825,9187.45,186.918,False,7607.65,45.7347,23.315720720494873,0.12256289934496481,20.831208782282815,0.00045319921101937054,21.49201250547266,0.022089223322190776,21.696873703694838,0.006527090418994752
2000 DL83,121917,MBO,MBO,21163607114396492,745209492222772101,12.324917,3.4568996,2.6900043,270.83441531274366,-23.355951241808537,2025050300695,102,60799.295987649326,r,270.834654784659,-23.355928410142887,78.09761047363281,2198.43,211.227,False,17251.1,8.02179,9934.03,193.674,False,7850.3,22.243,23.04471842914385,0.104318451753102,20.807958042916837,0.0005048691120826006,21.407186302122668,0.02116752854165295,21.66278439283905,0.0030763195083516252
2000 DL83,121917,MBO,MBO,21163607114396492,745209492893860307,12.324393,3.4568992,2.689977,270.83424641859165,-23.355968828820096,2025050300700,102,60799.29848005946,r,270.834534499024,-23.355941795611624,80.7520751953125,498.581,213.985,False,19081.5,10.7709,7503.28,201.609,False,7174.08,22.6567,24.655660703014416,0.4659849962107695,20.698468720814976,0.00061286355061084,21.711872147774358,0.029173133582690604,21.7605844499371,0.0034288995032464805
2000 DL83,121917,MBO,MBO,21163607114396492,745213860574134304,12.12957,3.4566998,2.6797657,270.77342935109374,-23.36219319623005,2025050400474,39,60800.238705224896,u,270.7734102958214,-23.362184933433873,15.312372207641602,4101.9,266.669,False,3974.96,0.966734,5308.48,265.648,False,1166.41,49.238,22.367537354549903,0.07058490011252894,22.401668103890778,0.0002640575265934294,22.08757454032684,0.05433262695080493,23.732871882351507,0.045832491625400325
2000 DL83,121917,MBO,MBO,21163607114396492,745213860735615028,12.129444,3.4566998,2.6797593,270.7733867808955,-23.362197772904896,2025050400475,91,60800.239296573185,u,270.7733607708343,-23.36216850768421,16.108642578125,4057.5,248.402,False,3768.45,1.41838,5105.62,245.02,False,1106.2,51.4173,22.379353678754327,0.06646926356492805,22.45959312056003,0.00040865251283628946,22.129878754845272,0.052104755822520346,23.79041591259198,0.05046612538785967
2000 DL83,121917,MBO,MBO,21163607114396492,745213861008244747,12.12919,3.4566996,2.6797464,270.7733013274307,-23.36220694622183,2025050400477,99,60800.240482091554,u,270.77328516652034,-23.362197923741544,16.951753616333008,4607.33,270.161,False,4319.42,2.68444,5891.14,267.704,False,1296.24,48.1133,22.241376682319686,0.06366454877402965,22.311436432525312,0.0006747650469205112,21.974501615677504,0.04933780712750535,23.61828646069773,0.04029990779883657
2000 DL83,121917,MBO,MBO,21163607114396492,745213861244174344,12.128934,3.4566994,2.6797333,270.773215047994,-23.362216189650468,2025050400479,37,60800.24167975258,u,270.7732064138663,-23.362217644812784,14.781661987304688,4130.7,280.222,False,4093.83,2.72271,5625.64,278.364,False,1503.9,16.265,22.359940812029834,0.07365510444948468,22.369675468707577,0.0007220975591929448,22.02457013102955,0.053723643958787294,23.456952584042547,0.01174246852917669
2000 DL83,121917,MBO,MBO,21163607114396492,745213861390450818,12.128806,3.4566991,2.6797268,270.773172076063,-23.362220786428797,2025050400480,60,60800.24227592332,u,270.7731593766832,-23.362209449572404,13.802976608276367,3860.83,278.542,False,3658.58,6.11208,5137.53,279.89,False,1402.78,38.5609,22.433298280035054,0.07833111516016152,22.49171858698223,0.0018138475873708216,22.123114118146617,0.05915035726549068,23.53252606396932,0.029845710750283732
2000 DL83,121917,MBO,MBO,21163607114396492,745213861681954943,12.1285515,3.456699,2.679714,270.7730861075894,-23.36222996871822,2025050400482,104,60800.243467492146,u,270.77305996086153,-23.362230649526968,16.09140396118164,4174.95,255.701,False,3763.4,1.04425,5352.54,256.01,False,1197.19,42.6761,22.348371752564702,0.06649752085144843,22.461049076739926,0.0003012648333061421,22.07860018832815,0.05193036097899158,23.704592351719008,0.03870312226516965
2000 DL83,121917,MBO,MBO,21163607114396492,745213861921030180,12.128295,3.4566987,2.6797009,270.7729998179863,-23.362239166656696,2025050400484,48,60800.24466319744,u,270.77297781577596,-23.36226418834388,15.217007637023926,3823.64,253.303,False,3497.52,4.31896,5106.18,255.111,False,1237.56,37.3461,22.443807539963725,0.07192628982879175,22.54059947740337,0.0013407361269727244,22.129759662055523,0.05424470566638998,23.668584289101254,0.032764480750574025
2000 DL83,121917,MBO,MBO,21163607114396492,745213862084083806,12.128168,3.4566987,2.6796944,270.77295702187325,-23.36224372152208,2025050400485,103,60800.24525601037,u,270.7729409570976,-23.362256956969485,15.169443130493164,4307.69,282.236,False,4485.6,2.63217,5436.33,280.084,False,1203.58,26.7668,22.314388909664466,0.07113646512098733,22.27044861863628,0.0006371148034878831,22.061735455108117,0.055937985915632794,23.698812633601346,0.02414603501811534
2000 DL83,121917,MBO,MBO,21163607114396492,745213862348324865,12.127915,3.4566984,2.6796815,270.7728717669246,-23.36225278164178,2025050400487,95,60800.246437074595,u,270.77285661281485,-23.362253940351366,14.700139045715332,3952.15,268.352,False,3823.94,7.49552,5247.82,264.907,False,1284.34,19.2293,22.407916478198075,0.0737217661489588,22.44372234337,0.002128212703896577,22.100052710515268,0.05480735705050864,23.628300007379046,0.016255779049220424
2000 DL83,121917,MBO,MBO,21163607114396492,745213862586351623,12.127661,3.4566982,2.6796687,270.7727859752083,-23.36226188036039,2025050400489,37,60800.24762595736,u,270.77276201564575,-23.362262842525347,13.697778701782227,3915.3,285.426,False,3785.29,1.23185,5419.52,285.009,False,1473.83,9.51904,22.41808737548566,0.07915034162082406,22.454752095206025,0.0003533320195998638,22.065097937758992,0.05709815477800743,23.47888155138095,0.0070124551594610745
2000 DL83,121917,MBO,MBO,21163607114396492,745213862749405251,12.127535,3.456698,2.6796622,270.77274342883857,-23.362266385788004,2025050400490,92,60800.24821428256,u,270.7727228562008,-23.362268095559866,16.473203659057617,4335.81,266.58,False,4307.16,8.52088,5652.21,266.382,False,1261.46,24.0296,22.307324378623115,0.06675466382845159,22.31452244812865,0.0021479181874946235,22.019454284794477,0.05116946667520996,23.647816323864554,0.02068223143776703
2000 DL83,121917,MBO,MBO,21163607114396492,745213863260061794,12.127006,3.4566975,2.6796353,270.77256478135496,-23.36228525385382,2025050400494,42,60800.25068614685,u,270.77256563856423,-23.36227174338233,12.254382133483887,3603.22,288.358,False,3711.94,1.63321,5225.85,287.166,False,1550.75,15.2543,22.508273060245582,0.08688915051890572,22.475997648028724,0.00047771116826092166,22.104607630175778,0.059662351766652355,23.423645525407487,0.010680087645209084
2000 DL83,121917,MBO,MBO,21163607114396492,745213863422066713,12.126879,3.4566972,2.6796288,270.7725220511219,-23.3622897549484,2025050400495,95,60800.251277752366,u,270.7724960511195,-23.3623045370656,16.401702880859375,3887.41,234.941,False,3593.38,3.67865,4927.54,236.006,False,1063.06,47.9779,22.42584915576622,0.0656179690899814,22.51124216970181,0.0011115004574686024,22.168424595361905,0.052001658663421504,23.833605497254673,0.049001318618799625
2000 DL83,121917,MBO,MBO,21163607114396492,745213863929577546,12.12638,3.4566967,2.6796036,270.77235373301926,-23.362307440394776,2025050400499,39,60800.25360402888,u,270.7723357697142,-23.362313444582824,16.50376319885254,4040.48,244.458,False,3653.19,0.936673,5278.49,245.634,False,1242.04,54.3966,22.38391760177352,0.06568944638781882,22.493319366992722,0.00027838130202535044,22.093725693968928,0.05052462313912602,23.664661009465373,0.04755108925049186
2000 DL83,121917,MBO,MBO,21163607114396492,745213864091582542,12.12626,3.4566967,2.6795974,270.77231306493,-23.362311702742144,2025050400500,92,60800.25416605766,u,270.7722875405465,-23.362305595763182,17.069608688354492,4145.5,240.579,False,3916.68,1.25973,5434.52,241.763,False,1290.5,50.1159,22.356057701297495,0.06300936550607918,22.417704793112595,0.0003492076128050354,22.062097017662744,0.04830064875236676,23.62310497780028,0.042164002352758405
2000 DL83,121917,MBO,MBO,21163607114396492,745213865947562019,12.124493,3.4566948,2.6795077,270.7717156908617,-23.362373831525797,2025050400514,48,60800.262411258795,u,270.77143274850266,-23.362323803833366,15.067367553710938,1062.84,275.909,False,4463.92,4.24987,4337.41,275.474,False,3271.13,25.5392,23.833830308102442,0.2818527684705486,22.275709011990564,0.0010336739040105528,22.30692376986807,0.0689563779847461,22.61325552881251,0.008476836716482531
2000 DL83,121917,MBO,MBO,21163607114396492,745213866374856713,12.124112,3.4566946,2.6794887,270.7715871295236,-23.36238708448692,2025050400517,95,60800.26418384469,u,270.7715543299135,-23.362392978945426,13.611376762390137,3440.41,250.808,False,3310.45,1.72893,5092.65,248.753,False,1550.3,42.8728,22.558474524413192,0.07915083712164994,22.60028243396669,0.0005670413147365531,22.132640446662613,0.053033322497227586,23.423960598220514,0.030025510236934765
2000 DL83,121917,MBO,MBO,21163607114396492,745213867286593597,12.123197,3.4566936,2.6794422,270.77127709236447,-23.36241887345403,2025050400524,42,60800.26845398351,u,270.77128929622813,-23.362435856362982,11.488398551940918,3240.24,282.4,False,3229.54,1.68312,6304.21,272.902,False,3011.4,82.997,22.62355705583022,0.09462629265763423,22.627148317021685,0.0005658466258927184,21.900923327883298,0.04700027320381739,22.70307892004493,0.029923906653983232
2000 DL83,121917,MBO,MBO,21163607114396492,745468923845543304,5.311118,3.4415417,2.4612947,261.1101379713009,-23.52397847705913,2025070100299,157,60858.08001940866,z,261.11013373013475,-23.52399318625596,20.930953979492188,42904.8,2017.01,False,38245.7,15.8428,65560.1,1916.58,False,23917.9,1090.65,19.818735275589777,0.051041859024762604,19.943543486934693,0.0004497525747607672,19.358400955783164,0.031740345088064684,20.45319236781143,0.04950928797624874
2000 DL83,121917,MBO,MBO,21163607114396492,745473333046280707,5.662183,3.4411948,2.4660857,260.9081676127032,-23.519827709224256,2025070200382,184,60859.19334772727,z,260.9081452618062,-23.51982995286169,38.35919952392578,51552.0,1352.1,False,56511.5,17.3048,71461.2,597.913,False,17584.6,259.875,19.61938620315219,0.028476565331048944,19.51965791238359,0.00033247122997170345,19.26482419066175,0.009084311347198908,20.78716878963838,0.016045613916684874
2000 DL83,121917,MBO,MBO,21163607114396492,745477740444517143,5.9904766,3.4408653,2.4709213,260.72112919891254,-23.51573566836769,2025070300452,101,60860.24543183495,i,260.7211108311673,-23.515742623411324,19.462194442749023,15645.5,798.21,False,14492.5,5.14704,53428.2,426.301,False,38124.6,615.333,20.914026382705284,0.055392638129589646,20.997141727392975,0.0003856013494028919,19.580573658335524,0.008663036206087304,19.946986716005473,0.017523837553279298
2000 DL83,121917,MBO,MBO,21163607114396492,745508486521554188,8.0289545,3.438688,2.50903,259.6057667360453,-23.48861912916824,2025071000152,133,60867.055101284895,z,259.60578887486645,-23.488606455753892,17.96605682373047,22304.2,1232.58,False,20560.4,8.55377,25414.6,915.662,False,6736.21,792.619,20.529033411230873,0.060000212086643946,20.61742108049712,0.0004517002427304616,20.387291819842083,0.03911796314787296,21.82896096193035,0.12775361368114344
2000 DL83,121917,MBO,MBO,21163607114396492,745508486655771993,8.029087,3.4386878,2.509033,259.6056955613547,-23.48861767630815,2025071000153,133,60867.055556413696,z,259.60569052544287,-23.488632664933014,17.574811935424805,20801.0,1166.65,False,18387.3,1.39678,28058.2,832.722,False,9862.72,755.857,20.60478946499184,0.06089486898650561,20.73870504909713,8.247728415201469e-05,20.279850513815845,0.03222289500531938,21.415008270617108,0.08320841790505826
2000 DL83,121917,MBO,MBO,21163607114396492,745508486789989739,8.029223,3.4386876,2.5090358,259.6056228203676,-23.488616188865663,2025071000154,133,60867.05602130094,z,259.6055596386302,-23.48861144647793,18.416427612304688,22323.4,1197.06,False,19652.0,4.70863,28542.5,903.513,False,7943.32,834.355,20.5280991280094,0.058221033630295155,20.66648311134304,0.0002601429960354453,20.261269975683575,0.03436898576157577,21.64999487743078,0.1140441817731141
2000 DL83,121917,MBO,MBO,21163607114396492,745512896778733079,8.302478,3.438376,2.5153081,259.4632801068803,-23.484808750128305,2025071100243,127,60868.012078530344,r,259.4632607941077,-23.484817564318632,68.36699676513672,34007.8,491.767,False,32548.9,0.314566,28792.7,392.26,False,1137.72,176.432,20.07105363036001,0.015700198839207608,20.11865919687545,1.049300210193118e-05,20.25179404891461,0.014791627941710078,23.759911546398655,0.16837062056801685
2000 DL83,121917,MBO,MBO,21163607114396492,745517302456254710,8.582375,3.438051,2.5220385,259.31948128803015,-23.48095977770532,2025071200300,90,60869.00349383231,g,259.31945932570153,-23.480964890503397,61.88262939453125,22149.2,357.938,False,20375.8,0.815182,29029.6,294.584,False,8580.28,39.1431,20.53660492655541,0.017545836718388434,20.627213285544308,4.343743779419685e-05,20.242897385329375,0.011017738260798774,21.566246314405245,0.00495311112037665
2000 DL83,121917,MBO,MBO,21163607114396492,745517308898705994,8.58913,3.4380434,2.5221996,259.3159759967615,-23.48089635110648,2025071200348,90,60869.02722469269,r,259.3159582488173,-23.480901921222376,61.308929443359375,30115.9,485.104,False,28296.9,4.77135,37688.6,383.588,False,11467.1,203.16,20.203010369932283,0.01748893352954851,20.270652834950084,0.0001830740211118741,19.95947494192633,0.011050433707492957,21.25136603740237,0.01923574215352688
2000 DL83,121917,MBO,MBO,21163607114396492,745521717527971458,8.910435,3.4376636,2.5303178,259.1532876297628,-23.47654348497765,2025071300427,51,60870.17971628817,i,259.1532726603988,-23.47654890585401,62.790279388427734,28780.0,456.133,False,26713.2,2.12033,32791.9,328.99,False,8600.27,175.372,20.252273025998534,0.017207786918472485,20.333185242521672,8.617908815953369e-05,20.110583599447047,0.010892822935557872,21.563719844536344,0.022139739052910386
2000 DL83,121917,MBO,MBO,21163607114396492,745548056726866174,10.44192,3.4357178,2.5757992,258.4295664920916,-23.45723504380114,2025071900061,134,60875.98682353219,i,258.42954529865506,-23.457234631842102,20.80284309387207,8376.87,398.464,False,7384.85,15.7439,25464.6,222.925,False,18346.1,257.253,21.592295545530938,0.051645396595311435,21.72914578961449,0.0023147013592368223,20.38515787007294,0.009504871487160622,20.741140632096062,0.015224428720923657
2000 DL83,121917,MBO,MBO,21163607114396492,745552481047021120,10.735481,3.435317,2.5858996,258.3012387653148,-23.45409294693626,2025072000257,71,60877.16309138284,g,258.30122438013854,-23.454100007240687,43.81184768676758,20647.4,468.626,False,19314.8,0.302249,19550.5,440.589,False,-275.499,77.2434,20.612836550948337,0.024642531880628614,20.685274417354723,1.6990219131888784e-05,20.67210532783599,0.024468091202526666,nan,nan
2000 DL83,121917,MBO,MBO,21163607114396492,745561284652565683,11.229064,3.4346159,2.604128,258.0961490450331,-23.44929267157855,2025072200313,64,60879.2057589326,g,258.09613666878613,-23.44929683024033,49.661094665527344,19459.2,391.165,False,18131.8,0.0556335,19120.2,366.806,False,239.213,118.309,20.677187589258807,0.021825256375530663,20.753897653230254,3.331346186363883e-06,20.696268967499027,0.02082899605287033,25.4530380675451,0.5369790269381356
2000 DL83,121917,MBO,MBO,21163607114396492,745561291095017028,11.23493,3.4346073,2.6043549,258.09373959440336,-23.44920375134019,2025072200361,64,60879.23018438788,r,258.0937219706404,-23.449209572750107,51.23814010620117,26422.3,510.87,False,25024.3,1.0212,22868.4,463.276,False,-1275.03,19.7262,20.345073419765956,0.020992496233217833,20.404095121393553,4.4307082088819406e-05,20.50191053140189,0.021995221286313562,nan,nan
2000 DL83,121917,MBO,MBO,21163607114396492,745565675880710588,11.460105,3.4342752,2.613214,258.0049249120632,-23.447396685819907,2025072300262,115,60880.19100354098,i,258.0049081496496,-23.447403509408947,65.0339584350586,23906.8,361.21,False,20627.7,0.64339,31759.6,273.071,False,10082.1,193.849,20.453696343693274,0.01640448543624193,20.61387302462897,3.386474706783621e-05,20.145312453311906,0.009335227473121419,21.391122540308494,0.020875500605068566
2000 DL83,121917,MBO,MBO,21163607114396492,745565682054725861,11.46815,3.4342632,2.6135375,258.0017250196822,-23.44728349565905,2025072300308,115,60880.22513660317,z,258.0017103177644,-23.44728293555778,46.24794387817383,40602.6,875.287,False,37384.3,1.9264,31678.4,635.947,False,-6459.26,91.1821,19.878615346596384,0.02340566207826645,19.968276844463446,5.5947606956349274e-05,20.14809189086482,0.021796261712066178,nan,nan
