provid,permid,orbit_class,population,ssObjectId,diaSourceId,phaseAngle,helioRange,topoRange,ephRa,ephDec,visit,detector,midpointMjdTai,band,ra,dec,snr,psfFlux,psfFluxErr,psfFlux_flag,trailFlux,trailFluxErr,scienceFlux,scienceFluxErr,forced_PsfFlux_flag,templateFlux,templateFluxErr,psfMag,psfMagErr,trailMag,trailMagErr,scienceMag,scienceMagErr,templateMag,templateMagErr
2016 UY15,869967,MBO,MBO,21164732680582489,745200689726096033,18.584843,2.3936837,1.6102363,271.0524973377534,-24.81806948819692,2025050100647,176,60797.28074399984,g,271.0524213787219,-24.81805056575305,16.765602111816406,3415.94,200.604,False,3296.7,1.6558,4778.35,195.718,False,1497.44,5.04823,22.56622443405678,0.06376079017677144,22.604801445821394,0.0005453216908137272,22.20180508439853,0.044471023825832165,23.46162646765366,0.003660277861749051
2016 UY15,869967,MBO,MBO,21164732680582489,745200689971462522,18.58455,2.3936841,1.6102273,271.0524492963664,-24.81805521275993,2025050100649,132,60797.281717596794,g,271.052420798654,-24.81801588150445,18.548425674438477,3318.23,176.916,False,3314.29,0.857547,4715.46,173.09,False,1475.19,5.34342,22.59773379277491,0.05788752073521526,22.59902372104349,0.00028092586891436804,22.216189845994155,0.03985402850672,23.477880143801382,0.003932744129779152
2016 UY15,869967,MBO,MBO,21164732680582489,745200690397184170,18.584106,2.393685,1.6102136,271.0523759726053,-24.81803340219132,2025050100652,176,60797.28320126145,g,271.05234204095603,-24.818013607175494,18.722211837768555,3399.37,179.938,False,3005.09,1.81439,4982.67,178.45,False,1468.57,6.04933,22.571503869138596,0.05747100148569702,22.70535625999559,0.000655537369668591,22.156344704536906,0.03888469946104225,23.48276340926095,0.004472362291466774
2016 UY15,869967,MBO,MBO,21164732680582489,745200690799312913,18.583658,2.3936858,1.6101998,271.0523022902063,-24.818011457178734,2025050100655,175,60797.284691791996,g,271.0522495973822,-24.817984017202633,20.131694793701172,3212.33,160.792,False,3015.88,1.59547,4040.35,156.049,False,1078.66,7.2645,22.632949589567513,0.054346128721016664,22.701464899106572,0.0005743794704690155,22.38395250375031,0.041934000902766055,23.817788530425126,0.007312156344708384
2016 UY15,869967,MBO,MBO,21164732680582489,745200691067748474,18.583355,2.3936863,1.6101905,271.0522522105753,-24.817996525738245,2025050100657,175,60797.28570343807,g,271.05221591453585,-24.81797872307091,18.690052032470703,3103.6,165.363,False,3178.13,0.716699,4639.8,163.49,False,1328.95,6.42701,22.670335607846674,0.05784914213656424,22.64457089538915,0.00024484400746277956,22.23375189429986,0.03825747350148637,23.59122843616681,0.005250790297734675
2016 UY15,869967,MBO,MBO,21164732680582489,745200691468304970,18.582909,2.3936872,1.6101767,271.05217842608664,-24.81797450254957,2025050100660,171,60797.28719301775,g,271.05214008777153,-24.81795342840223,20.159011840820312,3037.94,150.276,False,3008.03,0.0170634,4212.52,151.71,False,1061.65,7.09802,22.693552040447138,0.05370747878939166,22.70429458119431,6.15896474885985e-06,22.338645055449113,0.0391017837659258,23.835046564810973,0.007259056376589601
2016 UY15,869967,MBO,MBO,21164732680582489,745200691737788623,18.582605,2.3936877,1.6101674,271.0521284268888,-24.81795956232149,2025050100662,173,60797.28820217203,g,271.0520752555579,-24.817939317091387,17.713621139526367,3010.65,169.614,False,2932.99,0.507761,3649.59,159.018,False,1075.4,5.71288,22.70334936023861,0.06116820782367034,22.73172354796406,0.00018796330864501474,22.494389778971346,0.04730712257595143,23.821074894998528,0.005767789338613136
2016 UY15,869967,MBO,MBO,21164732680582489,745200691961135611,18.58231,2.3936882,1.6101583,271.05207959109305,-24.81794495674096,2025050100664,87,60797.28918785686,g,271.05203689598517,-24.817933890088536,17.488622665405273,3102.55,176.693,False,3060.94,1.00756,5194.25,173.172,False,2140.75,4.5832,22.670703009863523,0.06183364548067955,22.685362978989136,0.0003573883863760808,22.111192878869407,0.036197546685182075,23.07358511826545,0.0023244872823194114
2016 UY15,869967,MBO,MBO,21164732680582489,745200692139917323,18.582157,2.3936884,1.6101536,271.0520543452196,-24.817937401252056,2025050100665,172,60797.28969674934,g,271.052002140308,-24.817897049203957,20.61357879638672,3893.88,189.315,False,3602.66,2.13278,6513.65,186.23,False,2458.77,5.68322,22.42404362397391,0.052786978140179575,22.508441832388094,0.0006427574627597762,21.86543896934276,0.031041989023786225,22.92320522748166,0.0025095790035316538
2016 UY15,869967,MBO,MBO,21164732680582489,745200692412022800,18.581846,2.3936892,1.610144,271.0520029400523,-24.817922006140403,2025050100667,179,60797.29073289838,g,271.05195842547226,-24.817889669412622,19.96744728088379,3635.82,179.503,False,3464.03,1.94705,5355.75,178.862,False,1608.92,6.92273,22.498494043859093,0.05360356365074842,22.5510458794677,0.0006102668374353239,22.077949258833826,0.03625952453443568,23.38366384459418,0.004671617207716056
2016 UY15,869967,MBO,MBO,21164732680582489,745200692654768187,18.581541,2.3936896,1.6101346,271.0519523517158,-24.81790684144668,2025050100669,130,60797.291751934696,g,271.0519269017928,-24.817893822283978,20.47926902770996,3426.56,167.457,False,3138.28,0.885917,4911.47,161.74,False,1540.24,6.05013,22.562854129347045,0.053060248566025425,22.658270767111414,0.00030649660353242544,22.17197121336972,0.03575446292863115,23.431029012333948,0.004264819188691843
2016 UY15,869967,MBO,MBO,21164732680582489,745200692813103519,18.581392,2.3936899,1.61013,271.05192751960766,-24.81789939241167,2025050100670,176,60797.292251945415,g,271.0518899709079,-24.817876962701654,17.59998321533203,3552.46,199.425,False,3583.11,2.2209,5835.96,199.056,False,2274.32,4.57044,22.5236770205469,0.06095014393635928,22.514349614868703,0.0006729660905300357,21.984719240885614,0.03703286300040749,23.007871041138365,0.002181879344255676
2016 UY15,869967,MBO,MBO,21164732680582489,745200693078917575,18.581085,2.3936903,1.6101207,271.0518769422122,-24.81788420974437,2025050100672,171,60797.2932699156,g,271.0518355215323,-24.817881062810336,14.684918403625488,3384.33,228.852,False,3445.94,2.65002,6197.43,228.32,False,3115.11,4.17253,22.576318215650616,0.07341863873483341,22.556730740132885,0.0008349601503305541,21.919470893931102,0.039999691999966065,22.66631649514396,0.0014542879446993733
2016 UY15,869967,MBO,MBO,21164732680582489,745200693299642671,18.580778,2.393691,1.6101111,271.0518260409675,-24.81786891530891,2025050100674,80,60797.29429340684,g,271.0517740674842,-24.817838687951383,16.243209838867188,3213.19,196.328,False,3008.71,2.30589,4373.19,192.975,False,1915.09,4.6406,22.632659003062972,0.06633919085882994,22.704049190366945,0.0008321135570228059,22.298004148672398,0.047910096187734834,23.19452704804836,0.0026309300052336994
2016 UY15,869967,MBO,MBO,21164732680582489,745200693477900445,18.58063,2.3936913,1.6101066,271.0518012273315,-24.817861454155533,2025050100675,164,60797.29479243902,g,271.0517697700861,-24.817845481068336,18.0870418548584,3203.06,177.174,False,2931.25,0.379057,4329.09,171.34,False,1264.62,5.62744,22.636087295182996,0.060056389343063996,22.732367849852103,0.00014040286494459677,22.30900850241099,0.042972089760564505,23.645099889415476,0.00483142394185879
2016 UY15,869967,MBO,MBO,21164732680582489,745200693752627694,18.580301,2.3936918,1.6100965,271.05174700439545,-24.81784513773468,2025050100677,176,60797.29588233264,g,271.051717253333,-24.81787276891512,13.832395553588867,3468.81,249.506,False,3616.57,5.40457,5249.26,245.772,False,3042.5,3.67726,22.5495487003538,0.07809528032668558,22.5042577908807,0.001622514515336799,22.09975483785194,0.050834512650562935,22.69192353274474,0.0013122544721943822
2016 UY15,869967,MBO,MBO,21164732680582489,745200693994324105,18.580002,2.3936923,1.6100873,271.0516972337959,-24.817830146173048,2025050100679,125,60797.29688292678,g,271.05165145880443,-24.817830697909173,21.632394790649414,3267.83,150.073,False,2970.21,1.75339,4255.79,149.062,False,851.509,6.14618,22.61435133540664,0.049861738046544625,22.718032124473282,0.000640937502657784,22.32754951564874,0.038028663262194104,24.07452692902294,0.007836829124620796
2016 UY15,869967,MBO,MBO,21164732680582489,745200694154756485,18.579855,2.3936927,1.6100827,271.05167293724924,-24.817822822510838,2025050100680,175,60797.29737012891,g,271.0516376814448,-24.817796944750718,23.006311416625977,3319.02,142.14,False,3087.86,2.09804,3867.07,140.892,False,619.254,8.41366,22.597475320058834,0.04649762356764437,22.67585595797719,0.0007377011977897004,22.431544896927406,0.0395574791253201,24.420327898990585,0.014751644579496043
2016 UY15,869967,MBO,MBO,21164732680582489,745200694423191731,18.579544,2.3936932,1.6100732,271.05162138845867,-24.817807272832265,2025050100682,175,60797.29840548485,g,271.0515854812209,-24.817805635379198,17.063739776611328,3296.04,193.157,False,3282.32,1.01056,4506.51,189.559,False,1312.27,4.8588,22.605018803239574,0.0636271231838341,22.60954767982161,0.00033427624210810835,22.265399208696433,0.04566972805359095,23.604941982662396,0.004020037737602972
2016 UY15,869967,MBO,MBO,21164732680582489,745200695093755974,18.57878,2.3936946,1.6100497,271.0514943305522,-24.817768878799573,2025050100687,174,60797.3009545994,g,271.051478520863,-24.817761361245374,18.56719970703125,3336.15,179.466,False,3069.74,2.25381,4531.59,174.158,False,1065.97,6.19928,22.59188610889113,0.0584064694746614,22.682246020255377,0.0007971499365510679,22.25937351305045,0.04172700037669345,23.830637573971604,0.006314232756228249
2016 UY15,869967,MBO,MBO,21164732680582489,745200695332831675,18.578468,2.393695,1.6100402,271.0514427486742,-24.817753264354472,2025050100689,118,60797.30198891531,g,271.05140229088886,-24.8177332865618,23.192955017089844,3090.43,132.307,False,2960.62,0.654998,3758.02,130.12,False,632.377,14.3329,22.67495274646157,0.04648236997520229,22.721543285472464,0.00024020476093251778,22.462602276695176,0.03759319772844193,24.39755981081553,0.024608339885981965
2016 UY15,869967,MBO,MBO,21164732680582489,745200695491166711,18.578318,2.3936954,1.6100355,271.05141759786386,-24.81774564507084,2025050100690,164,60797.30249235105,g,271.0513712183474,-24.81773254238178,21.244735717773438,3011.16,138.648,False,3033.69,1.54014,3957.71,143.558,False,743.123,9.42845,22.703165450056886,0.04999241231857059,22.6950720209838,0.0005512052405720566,22.406390090116762,0.03938290530715099,24.22234826286794,0.013775390230004434
2016 UY15,869967,MBO,MBO,21164732680582489,745200695763796265,18.578,2.3936958,1.6100258,271.0513645837933,-24.81772957216804,2025050100692,172,60797.30355416398,g,271.0513201475971,-24.817716808935025,20.09822654724121,3166.04,155.052,False,2904.24,0.271897,3597.42,148.356,False,766.249,6.27591,22.64870899292456,0.053172281482133446,22.742418747023493,0.0001016473862337656,22.510022161563782,0.04477527976702676,24.189075164922727,0.008892647675273787
2016 UY15,869967,MBO,MBO,21164732680582489,745200695987667364,18.577688,2.3936965,1.6100162,271.05131279485687,-24.81771385406891,2025050100694,87,60797.30459107594,g,271.05127619509153,-24.817698406241472,21.911527633666992,3210.77,145.443,False,2922.67,2.01917,3272.99,143.775,False,770.5,7.19763,22.633477002220076,0.04918219693282982,22.735550574677582,0.0007500970280417209,22.612638307225424,0.04769391800098781,24.183068392363904,0.010142410644931345
2016 UY15,869967,MBO,MBO,21164732680582489,745200696438554726,18.577204,2.3936973,1.6100013,271.0512322958265,-24.81768938942272,2025050100697,179,60797.306202946434,g,271.05117737907176,-24.81768553976733,20.089370727539062,3072.11,151.731,False,3080.49,0.412486,3771.93,149.469,False,664.543,6.76901,22.681408057059656,0.053624329002562206,22.67845049516948,0.0001453830304284719,22.45859095856985,0.043024102082583185,24.34369223208823,0.011059267753474229
2016 UY15,869967,MBO,MBO,21164732680582489,745200696516673829,18.577038,2.3936977,1.6099962,271.0512047012332,-24.817680993783668,2025050100698,72,60797.30675439897,g,271.05114496228646,-24.817655270258584,19.995542526245117,2979.57,146.174,False,2778.39,0.839816,3645.81,144.686,False,573.314,10.2039,22.71461599283743,0.05326486572876914,22.790517024003464,0.00032818238037701943,22.495514903007734,0.0430880465612082,24.5040185831732,0.019324041495197314
2016 UY15,869967,MBO,MBO,21164732680582489,745200696679727814,18.57689,2.393698,1.6099917,271.05118010094634,-24.81767350512952,2025050100699,127,60797.307246393655,g,271.0511179321998,-24.817652543013306,20.66940689086914,3097.08,148.508,False,3101.77,1.40177,3776.47,147.114,False,695.074,7.34064,22.6726189134419,0.052062104775326,22.6709760151384,0.0004906722372968266,22.457284910814213,0.04229531693431644,24.29492243077286,0.011466403547138543
2016 UY15,869967,MBO,MBO,21164732680582489,745200696839111244,18.576736,2.3936982,1.609987,271.051154495578,-24.817665706463966,2025050100700,175,60797.30775836383,g,271.05110387823026,-24.81764908413496,18.803977966308594,3341.73,177.259,False,3112.35,2.10615,3886.22,173.353,False,832.9,5.47113,22.59007161256532,0.057591881438613574,22.667278891570604,0.0007347255739959358,22.42618155195587,0.04843154177488375,24.09851781296275,0.007131952975157824
2016 UY15,869967,MBO,MBO,21164732680582489,745200697101779285,18.57641,2.3936987,1.609977,271.05110011729016,-24.817649130610576,2025050100702,164,60797.30884537083,g,271.0510312042806,-24.817626796376178,20.423683166503906,3310.4,163.377,False,3061.34,0.392076,3910.87,158.284,False,631.551,6.15923,22.60029884872489,0.05358395600675196,22.685221053587547,0.00013905383931112425,22.41931651760204,0.04394282105346738,24.398978888502565,0.010588691946856148
2016 UY15,869967,MBO,MBO,21164732680582489,745200697325649946,18.576096,2.3936994,1.6099674,271.0510477687256,-24.81763315565721,2025050100704,79,60797.30989170977,g,271.05099884781356,-24.817624038714786,18.01632308959961,2780.57,152.81,False,2675.0,1.10859,3254.85,151.819,False,581.128,6.16662,22.789665391354035,0.05966810499987133,22.83169053410688,0.0004499574978117967,22.61867252024318,0.050643003576091354,24.48932051436456,0.011521252564823444
2016 UY15,869967,MBO,MBO,21164732680582489,745200697504432163,18.575945,2.3936996,1.6099627,271.05102268817814,-24.817625495720605,2025050100705,164,60797.31039287135,g,271.05097953980703,-24.817607837682676,20.07447624206543,3138.9,154.658,False,2932.11,1.3251,3533.59,145.586,False,492.154,6.27996,22.65805633368148,0.05349574702876389,22.732049312440957,0.0004906735874761348,22.529459579979523,0.0447329728643884,24.669747470310572,0.013854159917934516
2016 UY15,869967,MBO,MBO,21164732680582489,745205072985589108,18.314531,2.3941748,1.601898,271.01210961852297,-24.80323653932548,2025050200537,132,60798.197381072954,r,271.0120501113231,-24.803216104929273,14.960970878601074,5281.93,351.431,False,4854.25,0.0580685,7247.17,292.243,False,1377.87,14.8569,22.093018360564756,0.07223900112478203,22.18469465178576,1.298801497382462e-05,21.749578889526326,0.043782444949688276,23.551979392694204,0.011706964017816589
2016 UY15,869967,MBO,MBO,21164732680582489,745205074081874068,18.313301,2.394177,1.6018608,271.0118887221212,-24.803181821268264,2025050200545,175,60798.201428851826,r,271.0118148466191,-24.80320170582091,16.492427825927734,4952.91,301.767,False,4883.86,0.702121,6483.47,263.568,False,1185.25,26.5212,22.162848874672743,0.06615087799085094,22.17809201531749,0.00015608928842859193,21.87048119992359,0.04413767675503424,23.71547509002251,0.02429447562043631
2016 UY15,869967,MBO,MBO,21164732680582489,745205074482431344,18.312841,2.3941777,1.6018468,271.0118062489869,-24.80316138344992,2025050200548,171,60798.202935686815,r,271.0117580231315,-24.803128953485558,17.30297088623047,4507.23,256.183,False,4423.76,2.14089,4652.82,225.828,False,825.121,19.1075,22.265225703945962,0.061711333670119634,22.285521164077725,0.0005254448205982141,22.23070941189841,0.05269699839927847,24.108705936257017,0.02514262190308811
2016 UY15,869967,MBO,MBO,21164732680582489,745205075428246865,18.311758,2.3941796,1.6018142,271.01161118086543,-24.80311302064101,2025050200555,183,60798.206491122866,r,271.01154839113156,-24.80313182226821,13.904903411865234,4582.86,328.537,False,4403.37,4.63161,4825.74,278.506,False,1669.6,16.4639,22.247158556503003,0.07783447723916802,22.29053702295313,0.0011420131488006245,22.19109014878142,0.06266065841608111,23.3434689257329,0.010706427972030707
2016 UY15,869967,MBO,MBO,21164732680582489,745205075505840353,18.311596,2.3941798,1.6018093,271.01158177744776,-24.80310572764149,2025050200556,75,60798.20702649155,r,271.0115182009946,-24.803088508642517,13.85404109954834,4767.27,338.896,False,4097.37,7.05449,7251.74,302.636,False,2179.22,31.1019,22.204325622032968,0.07718288477453045,22.368737010673573,0.0018693247319928198,21.748894403056767,0.04531089595040505,23.054247324521032,0.01549566332453066
2016 UY15,869967,MBO,MBO,21164732680582489,745205075668894104,18.31143,2.3941803,1.6018043,271.01155197465425,-24.803098334691928,2025050200557,130,60798.207568407095,r,271.01149628363095,-24.803100609306938,17.615896224975586,5535.84,312.641,False,5050.74,3.39141,6234.61,244.806,False,1748.76,26.6738,22.0420412071359,0.06131782219682879,22.14161241799777,0.0007290370467152951,21.91297679432698,0.04263213623715977,23.293174466563322,0.016560711412612634
2016 UY15,869967,MBO,MBO,21164732680582489,745205075827229438,18.31128,2.3941805,1.6017997,271.01152490844095,-24.8030916197865,2025050200558,176,60798.20806020977,r,271.01149025942516,-24.803077001511447,16.42957305908203,5053.03,305.217,False,4697.61,6.50806,5872.02,265.513,False,1840.87,23.1165,22.141120354497993,0.06558147738991102,22.22030763559447,0.0015041769212488653,21.978031181113337,0.04909334036757973,23.23744220228265,0.013634000212734561
2016 UY15,869967,MBO,MBO,21164732680582489,745205076093043696,18.310965,2.394181,1.6017902,271.01146787582246,-24.80307746789068,2025050200560,171,60798.20909645736,r,271.01140849856523,-24.803069286845947,16.48088836669922,4552.62,276.062,False,4511.92,0.918857,6857.08,243.334,False,2135.23,21.6449,22.254346467185968,0.06583692756394008,22.264096542174165,0.00022111125767648984,21.80965194685401,0.038529013842762076,23.076388353272506,0.011006145055782464
2016 UY15,869967,MBO,MBO,21164732680582489,745205076770423874,18.31017,2.3941824,1.6017662,271.0113239020315,-24.803041726165382,2025050200565,183,60798.211707410024,r,271.0112948077195,-24.803032247622927,14.614602088928223,4898.67,327.253,False,5187.0,10.8029,8330.51,274.591,False,3480.81,21.2278,22.17480455707348,0.07253201906017921,22.112709380016035,0.002261249274660151,21.598321055419348,0.035788133295512,22.545799186801673,0.006621387269145568
2016 UY15,869967,MBO,MBO,21164732680582489,745205077012120975,18.30987,2.394183,1.6017573,271.0112699427732,-24.80302832418592,2025050200567,132,60798.21268402504,r,271.0112251482893,-24.803008814952598,16.204120635986328,4230.55,258.467,False,4000.76,8.56726,6949.61,214.725,False,3495.23,22.1821,22.334007969490628,0.06633345640379672,22.394643748746027,0.002325004275500684,21.79509893779806,0.033546446171788834,22.541310607762483,0.006890507784479337
2016 UY15,869967,MBO,MBO,21164732680582489,745205077169406875,18.309711,2.3941832,1.6017525,271.01124120441784,-24.803021184848756,2025050200568,176,60798.213204770946,r,271.0111869636021,-24.80300890575887,17.057371139526367,4982.81,284.43,False,4673.84,1.6754,7999.25,242.865,False,3925.73,29.7047,22.156314168825737,0.06197626181527365,22.225815433628895,0.0003891965746705779,21.642376825060936,0.03296400654220211,22.415198938371677,0.00821540679369192
2016 UY15,869967,MBO,MBO,21164732680582489,745205077437841570,18.30941,2.3941836,1.6017433,271.0111863993088,-24.80300756683041,2025050200570,176,60798.2141952809,r,271.01113050390944,-24.802994443782808,14.464232444763184,4633.98,317.897,False,4179.68,1.28815,10134.6,272.053,False,5216.7,29.9582,22.23511461690823,0.07448290393671948,22.347142371643393,0.00033461676065850936,21.385483511081574,0.02914548308820214,22.10651030385381,0.006235110634172395
2016 UY15,869967,MBO,MBO,21164732680582489,745205077838398870,18.308943,2.3941846,1.6017293,271.01110163724985,-24.80298649694122,2025050200573,172,60798.21572671798,r,271.01107758849616,-24.802965823218027,17.24167251586914,4777.54,273.741,False,4720.32,3.25809,9223.39,241.479,False,5192.23,16.8779,22.201989161430127,0.0622099467677557,22.215071437107696,0.0007494039437932218,21.48777360976418,0.02842582903069272,22.11161519872583,0.0035293017177538424
2016 UY15,869967,MBO,MBO,21164732680582489,745205078108405939,18.30864,2.394185,1.6017202,271.0110467116205,-24.80297283819885,2025050200575,175,60798.21671767479,r,271.01100150801494,-24.802949612559296,17.682519912719727,5318.41,297.483,False,4929.1,5.68011,10061.3,235.384,False,5411.6,34.7055,22.085545432212484,0.06073019112224828,22.168080905811017,0.0012511616578355265,21.393364774458075,0.025400787045180465,22.066685760137116,0.006963008881677865
2016 UY15,869967,MBO,MBO,21164732680582489,745205078508963085,18.308186,2.3941858,1.6017065,271.0109639854751,-24.8029522575748,2025050200578,171,60798.21820840134,r,271.0109205269185,-24.802948408291115,19.011980056762695,4878.97,252.028,False,4571.44,0.933795,8796.53,225.545,False,4389.25,23.9135,22.179179582905686,0.05608477035742857,22.249867453815018,0.00022178023237283677,21.539221495832024,0.027838518450120107,22.294024205481332,0.005915305017997678
2016 UY15,869967,MBO,MBO,21164732680582489,745205078912663807,18.304634,2.394192,1.6015999,271.0103153914899,-24.802790492004835,2025050200581,173,60798.22983479421,r,271.0102808577005,-24.802767515079072,13.220465660095215,4160.69,313.073,False,4029.92,1.04557,4219.41,256.893,False,559.695,29.4461,22.35208661760342,0.08169671220364412,22.386758958985524,0.00028169622297405226,22.33687064024396,0.06610356100778063,24.53012141783775,0.05712164070733
2016 UY15,869967,MBO,MBO,21164732680582489,745205079022239763,18.304485,2.3941925,1.6015954,271.0102880893382,-24.80278366476319,2025050200582,126,60798.23032175077,r,271.010253539318,-24.80278071692052,18.240711212158203,4300.59,239.519,False,4625.92,5.3851,5997.97,182.106,False,217.892,24.6347,22.316179937610393,0.06046948358887678,22.237004723654536,0.0012639211255748577,21.954989238055568,0.03296433181056839,25.554396795447524,0.12275249543233248
2016 UY15,869967,MBO,MBO,21164732680582489,745205079164847766,18.30433,2.3941927,1.6015908,271.01025987926187,-24.80277660882134,2025050200583,142,60798.230824741775,r,271.01022588988076,-24.80277517826041,16.966066360473633,4248.03,244.617,False,4198.69,2.77161,3624.5,211.472,False,341.926,23.404,22.329531117125995,0.06252063930875949,22.342215488273077,0.0007167086371955678,22.501879739779362,0.06334744290940744,25.06516970193676,0.0743159917298626
2016 UY15,869967,MBO,MBO,21164732680582489,745205079454778654,18.304033,2.3941932,1.6015818,271.0102051099845,-24.802762904967256,2025050200585,183,60798.23180048079,r,271.0101495691605,-24.80275406223114,16.9935359954834,4870.79,283.832,False,4530.04,2.58673,4197.28,240.581,False,430.168,22.6261,22.1810014769543,0.06326831515887726,22.259744898573295,0.0006199738616791488,22.342580200809987,0.06223256688982231,24.815904751133765,0.05710786616107534
2016 UY15,869967,MBO,MBO,21164732680582489,745205079532372201,18.303877,2.3941934,1.6015772,271.0101763619337,-24.80275570928142,2025050200586,75,60798.2323126608,r,271.01013534581386,-24.802745571908282,16.027973175048828,4660.68,285.825,False,4186.8,0.839504,4544.6,249.209,False,468.96,38.5654,22.228876745274725,0.06658482287439701,22.345294511909806,0.0002177032418998793,22.256260816320793,0.05953774317645722,24.7221605170473,0.08928661483427251
2016 UY15,869967,MBO,MBO,21164732680582489,745205079695426014,18.303722,2.3941936,1.6015725,271.010148164346,-24.80274864960221,2025050200587,130,60798.2328141373,r,271.01011065635726,-24.802747357045178,17.669330596923828,4697.64,261.626,False,4291.19,3.54327,4268.5,199.697,False,317.504,42.1927,22.220300638661524,0.06046798386552404,22.318555654545186,0.0008965011326393387,22.32431178560577,0.05079495598944084,25.145627004963583,0.1442820930357768
2016 UY15,869967,MBO,MBO,21164732680582489,745205079853761415,18.30357,2.394194,1.601568,271.0101200682318,-24.80274161356241,2025050200588,176,60798.233314468176,r,271.01010000638195,-24.802725487791527,17.550155639648438,4779.0,269.439,False,4724.85,3.92214,4627.17,228.479,False,428.453,27.2287,22.201657423698016,0.061213574437633735,22.21402991380924,0.0009012792328070296,22.236711379423124,0.053611155578131175,24.820242022378096,0.06899983402812246
2016 UY15,869967,MBO,MBO,21164732680582489,745205080119575818,18.303253,2.3941946,1.6015584,271.0100618188124,-24.802727020614725,2025050200590,171,60798.2343500782,r,271.01004129811554,-24.802710723720296,14.833430290222168,4196.82,278.894,False,4057.36,3.13447,3595.44,237.632,False,510.51,35.4831,22.34269918825745,0.07215113807390336,22.37939111290226,0.0008387738471281563,22.510619903372962,0.07175913771953965,24.629989345287644,0.07546431325069235
2016 UY15,869967,MBO,MBO,21164732680582489,745205080518558035,18.302788,2.3941953,1.6015446,271.0099762169008,-24.8027055609693,2025050200593,164,60798.23587132639,r,271.00994395120796,-24.8026813438116,18.690092086791992,4615.76,244.686,False,4526.66,1.20996,4448.22,205.547,False,395.433,24.005,22.239392006984822,0.05755595341254706,22.260555273484375,0.00029021338368736866,22.27953430147187,0.050170586373811214,24.907317687814974,0.06591026992391749
2016 UY15,869967,MBO,MBO,21164732680582489,745205080796955423,18.302448,2.3941958,1.6015344,271.0099135714031,-24.802689845331223,2025050200595,183,60798.236983230774,r,271.0098945906752,-24.802648637684143,15.08224868774414,4583.46,300.818,False,4578.23,3.93022,4906.56,253.528,False,682.211,29.255,22.24701639525068,0.07125817373871017,22.248255987465264,0.0009320593425870632,22.17305720204721,0.05610132661175972,24.31520320805366,0.04655921969480845
2016 UY15,869967,MBO,MBO,21164732680582489,745205081038653046,18.302137,2.3941965,1.6015251,271.0098565706831,-24.80267553754587,2025050200597,132,60798.237994368916,r,271.00980210073527,-24.80267247876982,16.481952667236328,4229.11,253.248,False,3647.46,4.69285,5097.36,213.241,False,633.645,39.7661,22.334377581648553,0.06501616946930716,22.495023666913447,0.0013969165736326613,22.131636762545593,0.04542027193151663,24.395384935871917,0.06813830323899848
2016 UY15,869967,MBO,MBO,21164732680582489,745205081195938621,18.301981,2.3941967,1.6015204,271.00982763112665,-24.80266827036188,2025050200598,176,60798.23850791353,r,271.00977101146105,-24.80266498079866,17.461870193481445,4662.88,263.748,False,4331.15,1.27955,4983.71,224.632,False,689.453,41.0962,22.22836442989455,0.0614128487876958,22.30849196238279,0.0003207586310100679,22.156118101079706,0.04893765912693081,24.303738331203782,0.06471743683955762
2016 UY15,869967,MBO,MBO,21164732680582489,745205081464373415,18.301668,2.3941972,1.6015111,271.0097700579984,-24.802653806635185,2025050200600,176,60798.23952718892,r,271.0097252296912,-24.802647086576943,16.56383514404297,4317.22,256.285,False,3756.14,2.45708,4421.69,212.465,False,683.703,51.0453,22.31198949519263,0.0644530261059645,22.46314560341939,0.0007102346206523807,22.286029285927313,0.052170310859582056,24.312831281517532,0.0810611179781165
2016 UY15,869967,MBO,MBO,21164732680582489,745205081864930655,18.301203,2.3941982,1.6014972,271.00968412655413,-24.80263220302371,2025050200603,172,60798.24104826262,r,271.00965049104286,-24.802606544744283,18.49850082397461,4702.16,251.673,False,4378.6,2.22597,4094.15,204.301,False,696.869,21.2358,22.219256457066894,0.05811169404834584,22.29666179396872,0.0005519609460082082,22.369590650538882,0.05417900958506427,24.29212210735368,0.033085811041215676
2016 UY15,869967,MBO,MBO,21164732680582489,745205082134937737,18.300892,2.3941987,1.6014879,271.0096265600945,-24.802617719853583,2025050200605,175,60798.24206623793,r,271.0095963946802,-24.80261284192423,15.900446891784668,4365.12,269.252,False,3932.12,0.259673,4721.05,221.202,False,839.505,34.808,22.300009502740263,0.06697104595739882,22.413433059859848,7.170085562616334e-05,22.21490354489366,0.05087152760392786,24.08994177595447,0.04501736634982743
2016 UY15,869967,MBO,MBO,21164732680582489,745205082515048444,18.29956,2.394201,1.601448,271.0093801609988,-24.80255562790992,2025050200608,132,60798.24641555466,i,271.009351497316,-24.802541654848433,14.33077621459961,5499.35,377.439,False,4928.76,1.9474,7003.38,262.704,False,1121.14,102.062,22.049221578845675,0.07451774756547698,22.168155873565325,0.00042898472583738204,21.78673078917977,0.040727086003536854,23.77585036683541,0.09883904172417192
2016 UY15,869967,MBO,MBO,21164732680582489,745205083341326578,18.29865,2.3942025,1.6014209,271.0092114634476,-24.802513018759637,2025050200614,172,60798.249385443574,i,271.0091654875722,-24.80250043075782,14.475915908813477,3907.79,274.252,False,4816.63,6.79382,6344.67,192.618,False,2786.91,42.6819,22.420171946138375,0.07619788627972356,22.193141810634806,0.0015314226789681282,21.893977417310545,0.03296189317247838,22.787192674472692,0.0166281959610593
2016 UY15,869967,MBO,MBO,21164732680582489,745205084011890520,18.29788,2.394204,1.601398,271.0090685734532,-24.802476862851712,2025050200619,171,60798.25189675487,i,271.009033152881,-24.802477850660722,12.34155559539795,5200.2,413.288,False,5088.83,13.1298,8916.54,269.482,False,4351.25,59.271,22.109949841852455,0.08628931995731544,22.133455126189094,0.002801331314219374,21.52450908980143,0.03281388933568926,22.303464909269138,0.0147894675076856
2016 UY15,869967,MBO,MBO,21164732680582489,745205084667775240,18.2971,2.3942053,1.6013747,271.0089235073102,-24.80244009292974,2025050200624,142,60798.254441514364,i,271.0088821495318,-24.80244648410223,12.487034797668457,3686.7,296.944,False,4333.6,1.04973,4756.99,204.784,False,2081.31,45.9427,22.483405517018713,0.08745025527458222,22.307877919085428,0.0002629983798572595,22.206669350355753,0.046739931824432014,23.104158042255964,0.02396646857688807
2016 UY15,869967,MBO,MBO,21164732680582489,745205084957705806,18.29679,2.3942058,1.6013654,271.0088654710612,-24.802425364122577,2025050200626,183,60798.25545830458,i,271.0088190220691,-24.80241701616289,12.968973159790039,5916.65,453.041,False,4890.61,5.8885,7175.15,283.996,False,3045.84,58.465,21.96981031965796,0.08313539044714609,22.176592451504384,0.001307272109692887,21.760422553181556,0.04297397905114433,22.690732254116615,0.02084074197763126
2016 UY15,869967,MBO,MBO,21164732680582489,745205085622502896,18.296011,2.3942072,1.6013423,271.0087207024991,-24.802388576946157,2025050200631,171,60798.25799239427,i,271.00867560755563,-24.802368642002925,11.179630279541016,4693.64,403.651,False,4170.73,6.8134,4025.78,220.963,False,2214.24,51.1404,22.22122552748503,0.09337283922100865,22.34946981535689,0.0017736834717187338,22.38787489718551,0.05959280548932834,23.036938274828866,0.025076316920389686
2016 UY15,869967,MBO,MBO,21164732680582489,745205087367858350,18.293976,2.3942106,1.6012818,271.00834057311016,-24.802291650405884,2025050200644,172,60798.26462777427,i,271.00831001563046,-24.802265964453653,12.459318161010742,3788.4,317.826,False,4147.26,18.385,9798.48,207.799,False,7075.29,59.1739,22.45386045813818,0.09108731699804046,22.3555969038468,0.004813120349594331,21.42210317179025,0.02302549808191057,21.775639380752096,0.00908051060918826
2016 UY15,869967,MBO,MBO,21164732680582489,745205088038422436,18.293213,2.394212,1.6012591,271.00819793468287,-24.80225515054935,2025050200649,171,60798.26711059436,i,271.008188613418,-24.802229286560095,11.386251449584961,4024.96,351.755,False,3827.28,24.8817,14430.5,240.643,False,9780.22,89.8973,22.38809608875605,0.09488619705851342,22.442774401840627,0.007058527956957109,21.00179655212091,0.018105736000360452,21.42412847014713,0.00997981199102077
2016 UY15,869967,MBO,MBO,21164732680582489,745205088694307229,18.292435,2.3942134,1.601236,271.0080519289881,-24.80221771281243,2025050200654,142,60798.269648646004,i,271.00803318686354,-24.802178295988263,11.234843254089355,3740.92,336.819,False,3766.05,19.9888,9645.34,207.08,False,7099.72,61.3605,22.46755397052295,0.09775579019403564,22.46028478183831,0.0057626860029215245,21.43920616456419,0.023310143438340765,21.77189691395712,0.009383653825857393
2016 UY15,869967,MBO,MBO,21164732680582489,745205088984237973,18.292118,2.394214,1.6012266,271.0079927894006,-24.80220252626968,2025050200656,183,60798.27067534243,i,271.0079669416942,-24.802217540115375,10.019421577453613,4238.83,414.708,False,3385.53,21.8809,14168.8,257.337,False,10142.8,223.818,22.331884981587102,0.10622353106551456,22.575933324257228,0.007017183276327214,21.021667339850126,0.01971939103325261,21.384605365986104,0.023958601484200075
2016 UY15,869967,MBO,MBO,21164732680582489,745205089649034887,18.291344,2.3942153,1.6012036,271.0078471899224,-24.802165081446564,2025050200661,171,60798.273201278425,i,271.00779891421365,-24.80215109224946,8.909817695617676,3646.98,406.386,False,3221.43,5.51656,13541.9,244.921,False,10649.0,96.0864,22.495166551679773,0.12098448053616022,22.629878276060865,0.0018592765104769053,21.070800962604242,0.019636800968401424,21.331727932411134,0.00979664629598821
2016 UY15,869967,MBO,MBO,21164732680582489,745205090322745321,18.290545,2.3942165,1.6011798,271.0076971213316,-24.802126402113306,2025050200666,176,60798.27580196324,i,271.0076553810681,-24.802117496005085,7.682204246520996,3617.95,458.004,False,3467.7,47.9771,18524.5,293.781,False,15526.1,76.6513,22.50384361309365,0.1374456609542988,22.54989621915726,0.01502162113418523,20.730633763387978,0.01721874675871325,20.92234407975085,0.005360205849628671
2016 UY15,869967,MBO,MBO,21164732680582489,745205090456961542,18.289474,2.3942184,1.6011482,271.00749600489115,-24.802074426343925,2025050200667,176,60798.27928058784,g,271.0074421220291,-24.80207301825831,14.87563419342041,2687.69,179.973,False,2577.5,0.613083,3772.73,176.928,False,1115.5,6.32107,22.82655208504925,0.07270303273759676,22.872003315111115,0.0002582527313279248,22.458360691866872,0.05091727461826854,23.781326063450358,0.006152411261953053
2016 UY15,869967,MBO,MBO,21164732680582489,745205090702328131,18.289173,2.394219,1.6011393,271.007439173652,-24.80205970961148,2025050200669,132,60798.28026256796,g,271.0073999706401,-24.802064409287308,17.880435943603516,3107.7,172.208,False,2827.67,1.26641,4000.16,167.757,False,1084.95,6.79573,22.668902297587117,0.06016425498020725,22.771428219396782,0.00048626155726912455,22.394806616956025,0.04553314282732861,23.811475738481512,0.006800654919194275
2016 UY15,869967,MBO,MBO,21164732680582489,745205090859090292,18.289024,2.3942192,1.6011349,271.0074110952377,-24.80205243370302,2025050200670,175,60798.2807476119,g,271.0073600461712,-24.8020512784158,17.58823013305664,3049.91,171.838,False,2940.46,1.787,3941.68,169.858,False,1029.02,5.99635,22.689282471511405,0.061172539696732316,22.72896182458811,0.0006598323253777558,22.41079660942973,0.046787406720401055,23.86894043994674,0.00632684881073978
2016 UY15,869967,MBO,MBO,21164732680582489,745205091128049784,18.288717,2.3942199,1.6011257,271.0073532387325,-24.802037431241363,2025050200672,176,60798.281746804816,g,271.00729682448286,-24.802032428907555,16.486387252807617,2874.93,171.694,False,2650.09,5.99854,3811.27,166.433,False,962.765,7.69901,22.753431838890357,0.06484136888109625,22.841848405715744,0.0024575888954147702,22.447325703484005,0.04741262922400777,23.941199249204995,0.00868238215656136
2016 UY15,869967,MBO,MBO,21164732680582489,745205091528606311,18.288265,2.3942206,1.6011124,271.0072679964052,-24.802015302249576,2025050200675,172,60798.283217045726,g,271.0072270511151,-24.80200473377722,18.173185348510742,3094.58,167.538,False,2774.36,1.51444,3881.61,159.696,False,882.471,6.98193,22.673495686582193,0.05878085607218099,22.792092922219545,0.0005926708176355255,22.427470224854396,0.04466902219153161,24.035748883807326,0.008590122359705592
2016 UY15,869967,MBO,MBO,21164732680582489,745205091798614072,18.287952,2.394221,1.6011032,271.0072090282788,-24.80199997628896,2025050200677,175,60798.28423487743,g,271.0071643110914,-24.801975742335483,14.51201057434082,2560.68,173.293,False,2385.78,0.651323,3451.99,170.207,False,1018.43,7.11876,22.879111755321738,0.07347676724883993,22.95592400273971,0.00029640829230694955,22.554826180706293,0.0535343102156379,23.88017204807722,0.007589226199991806
2016 UY15,869967,MBO,MBO,21164732680582489,745205092199170702,18.28749,2.394222,1.6010895,271.00712194606604,-24.801977316535464,2025050200680,171,60798.28573578752,g,271.0070873910566,-24.801948062773103,13.54944896697998,2596.6,189.678,False,2496.76,4.34955,3790.02,188.576,False,1193.67,5.7792,22.863987327269037,0.07931150633193566,22.906558000793133,0.0018914367586796539,22.453396240021117,0.05402182412415989,23.70778926236615,0.005256634184655055
2016 UY15,869967,MBO,MBO,21164732680582489,745205092468129907,18.28718,2.3942225,1.6010803,271.0070634324792,-24.80196207248432,2025050200682,172,60798.2867433915,g,271.0069791882087,-24.80195759207721,14.536149978637695,2787.31,191.357,False,2862.35,0.675835,3860.25,189.081,False,1206.65,5.79618,22.787036794895524,0.07453896865967284,22.758193120551873,0.0002563552736197794,22.433461420895327,0.0531810324305399,23.696046684958603,0.005215366593289465
2016 UY15,869967,MBO,MBO,21164732680582489,745205092855055014,18.28671,2.3942232,1.6010665,271.00697474119374,-24.801938938354848,2025050200685,142,60798.28827062243,g,271.0069298363604,-24.801916965236448,16.121501922607422,2833.04,175.527,False,2358.11,1.24089,3941.59,171.301,False,1059.31,7.04662,22.76936821899274,0.06726908492829195,22.968589800552163,0.0005713385576065832,22.410821357183373,0.0471859548805306,23.83744225972305,0.007222408846188445
2016 UY15,869967,MBO,MBO,21164732680582489,745205093141316291,18.286392,2.394224,1.601057,271.00691435999204,-24.80192316901712,2025050200687,176,60798.28930930965,g,271.00688219655854,-24.80192292955765,15.693549156188965,2585.11,163.152,False,2650.74,1.40153,3111.21,162.164,False,836.33,6.70205,22.86880238575068,0.06852320330592278,22.84158217476802,0.0005740630534864022,22.667676698522293,0.056591271469758626,24.09405578870126,0.008700702365542008
2016 UY15,869967,MBO,MBO,21164732680582489,745205093221007981,18.286232,2.3942242,1.6010523,271.00688430456484,-24.80191531369254,2025050200688,72,60798.28982683146,g,271.0068401511028,-24.801916243845014,12.812206268310547,2672.14,204.651,False,2529.81,0.966894,3937.79,207.02,False,1299.39,5.55701,22.83285202325284,0.08315320680530158,22.89228021247675,0.0004149686206181264,22.41186860984689,0.05708001480985664,23.615651187392352,0.004643291904573958
2016 UY15,869967,MBO,MBO,21164732680582489,745205093543969129,18.285921,2.3942246,1.6010431,271.00682533710125,-24.80189989030168,2025050200690,176,60798.29084019125,g,271.0068058236735,-24.801856482316754,10.319838523864746,2601.79,254.332,False,2676.06,2.37005,4075.92,257.799,False,2081.1,4.01931,22.861819383344343,0.10613364532799188,22.83126035989958,0.0009615811996797329,22.37443589252114,0.06867203610688392,23.10426757600351,0.002096924788678037
2016 UY15,869967,MBO,MBO,21164732680582489,745205093809783293,18.285604,2.3942251,1.6010338,271.00676558796545,-24.801884246712213,2025050200692,171,60798.291867817105,g,271.00669782188754,-24.801887377912465,10.667415618896484,2562.23,240.262,False,2446.72,4.01341,4644.98,240.697,False,1864.28,4.47,22.87845472866616,0.10181019926358117,22.92853933299325,0.0017809576465436445,22.232540383611095,0.056261481241010415,23.223722131719878,0.002603278762420015
2016 UY15,869967,MBO,MBO,21164732680582489,745205094029983969,18.28529,2.3942258,1.6010245,271.0067061043681,-24.801868656783817,2025050200694,79,60798.29288904932,g,271.00667385620545,-24.801843047506313,14.407574653625488,2844.51,195.913,False,2663.87,6.25812,4180.41,195.358,False,1245.27,5.19414,22.764981334052944,0.07477907627529934,22.836217384906625,0.0025506752296178413,22.34695276454724,0.05073838389458746,23.66184116905607,0.0045287092083717215
2016 UY15,869967,MBO,MBO,21164732680582489,745205094208766047,18.285135,2.394226,1.60102,271.0066768772938,-24.80186099088808,2025050200695,164,60798.2933918022,g,271.00661575675394,-24.801843277547018,15.335799217224121,2997.26,197.523,False,2928.32,0.328793,4132.95,194.085,False,1241.15,6.18944,22.70818895185476,0.0715513056056913,22.73345364047759,0.00012190691043678143,22.35934957053108,0.05098660971742895,23.66543929960286,0.005414413017875168
2016 UY15,869967,MBO,MBO,21164732680582489,745209474544828483,18.004423,2.3947194,1.5927181,270.95780382101003,-24.78661871833185,2025050300563,176,60799.220994663,u,270.95781212182777,-24.78650729032219,5.095860481262207,2092.36,415.796,False,2481.08,22.3579,1354.46,414.453,False,-631.004,11.6305,23.098408921874007,0.21575863472272894,22.913398046064163,0.009783957550990334,23.570584571447675,0.3322258637605109,nan,nan
2016 UY15,869967,MBO,MBO,21164732680582489,745209475729719426,18.002728,2.3947222,1.5926692,270.9574552687366,-24.786541523740038,2025050300572,132,60799.22641118686,u,270.95738292502915,-24.78661775791839,5.081422328948975,1820.9,343.462,False,1757.15,36.027,720.085,342.114,False,-608.693,13.8149,23.249284745668135,0.20479385438818712,23.287977892798956,0.022260944238805792,24.25654055616628,0.5158357130955256,nan,nan
2016 UY15,869967,MBO,MBO,21164732680582489,745209479913537919,17.99616,2.3947332,1.5924808,270.9560963096065,-24.78623817977369,2025050300603,176,60799.24734745916,g,270.95604134636477,-24.78621766466927,19.96819496154785,3254.2,161.027,False,3104.57,0.994832,3002.55,157.564,False,-284.148,5.92701,22.618889414436197,0.05372528997826168,22.6699963348273,0.0003479145497658496,22.706274361770404,0.05697588101717222,nan,nan
2016 UY15,869967,MBO,MBO,21164732680582489,745209480158904945,17.99584,2.3947337,1.5924716,270.9560295854164,-24.78622317523929,2025050300605,132,60799.2483689388,g,270.95598938903134,-24.786224276004067,22.96474838256836,3505.1,150.602,False,3233.69,0.209197,3284.92,145.502,False,-271.44,8.4863,22.538248937653414,0.04665032232668704,22.625754060634826,7.023949747288228e-05,22.608688032468795,0.04809151876728865,nan,nan
2016 UY15,869967,MBO,MBO,21164732680582489,745209480316191058,17.995676,2.3947341,1.5924668,270.9559955218971,-24.78621551087502,2025050300606,176,60799.248889826464,g,270.9559608092374,-24.7862027597516,20.66667366027832,3324.2,161.353,False,3256.24,1.11125,2988.92,160.19,False,-306.857,10.3251,22.595782153044958,0.052700437089724404,22.618208985966938,0.0003705268677218635,22.711214300686905,0.058189610239481555,nan,nan
2016 UY15,869967,MBO,MBO,21164732680582489,745209480985182788,17.994879,2.3947353,1.5924441,270.9558292428482,-24.786178054732257,2025050300611,172,60799.251430186465,g,270.95577051473634,-24.786164537323618,22.859272003173828,3480.89,150.25,False,3126.33,0.305089,3115.06,147.304,False,-287.438,10.5211,22.545774285226532,0.046864988494101756,22.662412927643878,0.00010595367773592353,22.666333939234008,0.051341959328271895,nan,nan
2016 UY15,869967,MBO,MBO,21164732680582489,745209481655747149,17.994093,2.3947368,1.5924217,270.9556656109792,-24.78614112379756,2025050300616,171,60799.25392776825,g,270.9556240363901,-24.78613365539317,24.3487548828125,3495.45,142.478,False,3199.95,0.404885,3154.95,138.529,False,-269.315,28.8645,22.54124227960019,0.04425568144202051,22.63714203552825,0.0001373766163500965,22.6525188145855,0.04767300926838256,nan,nan
2016 UY15,869967,MBO,MBO,21164732680582489,745209481925230640,17.993776,2.3947372,1.5924126,270.95559962254083,-24.786126210138463,2025050300618,173,60799.25493321822,g,270.9555461430271,-24.786111756031158,23.083030700683594,3292.92,142.703,False,3312.71,0.341307,3158.02,144.017,False,-271.307,34.3735,22.60604707612842,0.04705180219513051,22.599541466043995,0.00011186291183161306,22.651462803026092,0.04951345088950853,nan,nan
2016 UY15,869967,MBO,MBO,21164732680582489,745209482144908038,17.993462,2.3947377,1.5924035,270.9555335978665,-24.786111276384016,2025050300620,80,60799.25593967097,g,270.9554864540184,-24.786095396525454,23.06377601623535,3269.44,142.637,False,2922.55,0.138843,3009.97,139.632,False,-298.281,26.0376,22.613816590205882,0.04736779101515528,22.735595106964695,5.1580595469107234e-05,22.70359459292817,0.05036712104340151,nan,nan
2016 UY15,869967,MBO,MBO,21164732680582489,745209482311631471,17.993305,2.394738,1.5923991,270.9555010317249,-24.78610390600624,2025050300621,142,60799.25643550264,g,270.95545371747187,-24.78608591781438,23.7804012298584,3447.78,142.697,False,3126.0,0.820059,3006.57,136.9,False,-316.398,13.9914,22.556151125614534,0.04493654022391644,22.66252756579208,0.00028482653483924246,22.70482167608101,0.04943749070371355,nan,nan
2016 UY15,869967,MBO,MBO,21164732680582489,745209482601562605,17.992989,2.3947387,1.5923901,270.95543508504375,-24.78608897191296,2025050300623,183,60799.25743949089,g,270.95538784759884,-24.786069766748085,23.258716583251953,3432.39,146.271,False,3113.39,0.4273,2960.55,143.272,False,-297.35,20.0267,22.561008463933568,0.046268553729405484,22.666916222071247,0.00014901284547678503,22.72156898166171,0.05254280400887681,nan,nan
2016 UY15,869967,MBO,MBO,21164732680582489,745209483000545514,17.992514,2.3947394,1.5923765,270.9553356387317,-24.786066428521288,2025050300626,176,60799.25895284065,g,270.9552821422762,-24.786054510042195,21.13217544555664,3228.13,151.241,False,2954.74,0.406974,2854.18,149.024,False,-338.95,15.6485,22.627622499733977,0.05086778797294337,22.723701824837256,0.00014954493269422702,22.761296629511506,0.056689051954052765,nan,nan
2016 UY15,869967,MBO,MBO,21164732680582489,745209483266359722,17.992193,2.3947399,1.5923673,270.95526868327147,-24.786051234644944,2025050300628,171,60799.25997045313,g,270.9552261361621,-24.786047317688848,21.279115676879883,3283.05,151.277,False,3009.2,0.695218,3017.18,149.417,False,-341.001,9.45817,22.609306241422004,0.05002875545141009,22.703872384749584,0.000250838559739927,22.700996973991984,0.05376790853266682,nan,nan
2016 UY15,869967,MBO,MBO,21164732680582489,745209483486560726,17.991873,2.3947403,1.5923581,270.9552013632978,-24.786035945084198,2025050300630,79,60799.26099359641,g,270.955155637055,-24.78601044063002,24.33625602722168,3654.93,149.71,False,3530.95,1.25334,3216.12,144.771,False,-325.253,9.34631,22.492802361124753,0.044472965978547434,22.530271095559776,0.00038539108173941305,22.631669348458267,0.04887352030723867,nan,nan
2016 UY15,869967,MBO,MBO,21164732680582489,745209483665342507,17.99171,2.3947408,1.5923536,270.9551673937282,-24.78602822501716,2025050300631,164,60799.261509013304,g,270.9551230830766,-24.7860219801892,25.104875564575195,3435.58,135.449,False,3156.96,0.487151,3118.49,131.065,False,-275.101,19.6431,22.559999810659885,0.042805548239487665,22.651827315347198,0.0001675401275557303,22.66513911403529,0.04563170597724203,nan,nan
2016 UY15,869967,MBO,MBO,21164732680582489,745209483940069790,17.991364,2.3947413,1.5923437,270.9550948823129,-24.786011734512943,2025050300633,176,60799.26261089513,g,270.9550622032295,-24.785990655672986,19.911775588989258,2932.41,146.056,False,2753.7,0.322134,2589.67,143.61,False,-311.388,9.94393,22.731938302911527,0.0540778034483626,22.800208457809845,0.00012701185311060054,22.86688896841041,0.06020944048155104,nan,nan
2016 UY15,869967,MBO,MBO,21164732680582489,745209484342198551,17.990883,2.394742,1.59233,270.9549943139608,-24.785988837701943,2025050300636,175,60799.26413609742,g,270.954956886765,-24.78596890322747,21.099035263061523,3270.76,153.067,False,3261.48,0.447164,3068.71,149.693,False,-291.291,8.00114,22.613378302067694,0.05081093831874235,22.616463207270897,0.00014885945833600467,22.682610392407618,0.052962679544723515,nan,nan
2016 UY15,869967,MBO,MBO,21164732680582489,745209484611158022,17.99057,2.3947427,1.592321,270.954928699074,-24.78597388267063,2025050300638,176,60799.265131204695,g,270.9548800562603,-24.78595890169493,20.993549346923828,3289.28,154.051,False,3211.78,1.26367,3387.77,154.07,False,-253.557,8.46676,22.60724787938133,0.05084965129844223,22.633135516619994,0.00042718125843910465,22.575215199099063,0.04937743236844634,nan,nan
2016 UY15,869967,MBO,MBO,21164732680582489,745209485011714723,17.990084,2.3947434,1.5923072,270.9548266190789,-24.78595059069684,2025050300641,172,60799.2666783764,g,270.9547828518633,-24.78592992831742,22.694684982299805,3269.4,143.28,False,2992.2,0.213482,3137.33,142.955,False,-232.72,19.3858,22.613829886711315,0.04758190699793656,22.710023471212537,7.746312020050665e-05,22.65859946706896,0.04947245500926112,nan,nan
2016 UY15,869967,MBO,MBO,21164732680582489,745209485682278998,17.989305,2.3947449,1.592285,270.9546632781676,-24.785913254391616,2025050300646,171,60799.26915117627,g,270.9546297851491,-24.785913673026467,19.320968627929688,3110.63,161.071,False,2917.88,0.078397,2688.27,156.236,False,-254.434,6.01811,22.667879150478477,0.056220322538251925,22.73733147550792,2.9171337706475498e-05,22.82631777831002,0.0631004594913898,nan,nan
2016 UY15,869967,MBO,MBO,21164732680582489,745209486171439747,17.988674,2.3947458,1.592267,270.95453077488605,-24.78588290605298,2025050300650,80,60799.27115598109,g,270.954505110486,-24.785875134870256,17.59309959411621,3185.32,177.394,False,3368.8,1.24467,3059.9,173.422,False,-232.831,7.5811,22.642117305544215,0.06046584993819279,22.58131191323258,0.0004011467877915715,22.685731950602253,0.06153486941728851,nan,nan
2016 UY15,869967,MBO,MBO,21164732680582489,745209486338163188,17.988514,2.394746,1.5922625,270.95449710055686,-24.785875184531303,2025050300651,142,60799.271664536915,g,270.9544600248926,-24.785866670439308,22.001399993896484,3147.25,142.199,False,3042.78,0.262684,2839.27,139.289,False,-183.089,9.42098,22.655171894458192,0.049055717895597706,22.691823607040497,9.37318876226663e-05,22.766983258368292,0.05326408223757334,nan,nan
2016 UY15,869967,MBO,MBO,21164732680582489,745209486624424555,17.988195,2.3947465,1.5922534,270.95443012559195,-24.78585981646526,2025050300653,176,60799.27267619486,g,270.95437474784853,-24.785847418576267,18.512439727783203,3177.67,167.813,False,3429.87,1.51444,2925.96,163.678,False,-173.881,6.96711,22.644728042013913,0.057337816089191584,22.561805813928622,0.0004794007402908369,22.73432905272335,0.060736006690302435,nan,nan
2016 UY15,869967,MBO,MBO,21164732680582489,745209487027077381,17.987734,2.3947475,1.5922402,270.9543329841399,-24.785837500872915,2025050300656,176,60799.2741435573,g,270.95428734150175,-24.785823671183447,17.355697631835938,3172.36,181.49,False,2931.88,0.456357,2911.81,177.253,False,-185.746,5.68906,22.64654380008415,0.06211472313772711,22.73213456606321,0.00016899850589084032,22.739592395165225,0.06609291201130324,nan,nan
2016 UY15,869967,MBO,MBO,21164732680582489,745209487292891492,17.98742,2.394748,1.5922313,270.9542667963204,-24.7858222785639,2025050300658,171,60799.27514269368,g,270.9542296375403,-24.78581184600501,18.023561477661133,2937.86,160.825,False,2731.67,0.725108,2784.28,156.1,False,-116.969,7.977,22.72992221981675,0.0594356148462272,22.808929448209028,0.00028820320913140507,22.788217719113398,0.060871545392778684,nan,nan
2016 UY15,869967,MBO,MBO,21164732680582489,745209487513092369,17.987099,2.3947484,1.5922222,270.9541991209423,-24.785806699367782,2025050300660,79,60799.276163707545,g,270.95415571282365,-24.785801030596964,19.57164764404297,2930.96,147.369,False,2804.3,1.34896,2800.2,145.013,False,-97.0573,11.6823,22.732475285755392,0.05459094101247907,22.7804388011404,0.0005222746249936017,22.782027390760383,0.056226650787864145,nan,nan
2016 UY15,869967,MBO,MBO,21164732680582489,745209487691874310,17.986937,2.3947487,1.5922176,270.9541653051581,-24.785798909181736,2025050300661,164,60799.276673050306,g,270.9541266534436,-24.78578741154304,20.41779136657715,2999.85,144.57,False,3029.59,0.485388,2940.61,139.367,False,-98.6268,8.4791,22.707251116023556,0.05232424486699758,22.696540321986895,0.00017395202695001552,22.728906385876364,0.051457281615783876,nan,nan
2016 UY15,869967,MBO,MBO,21164732680582489,745209487966601614,17.986591,2.3947494,1.5922078,270.954092410333,-24.78578210346048,2025050300663,176,60799.27777204059,g,270.95404883863705,-24.78576013980776,18.804533004760742,3057.61,159.731,False,2766.25,2.1936,2966.51,155.338,False,-103.479,7.6723,22.68654473664111,0.056719374504155484,22.795271432661714,0.000860974558663725,22.719385454757713,0.056853368853046274,nan,nan
2016 UY15,869967,MBO,MBO,21164732680582489,745209489977246410,17.98355,2.3947544,1.5921215,270.9534505333187,-24.785633341797716,2025050300678,171,60799.28742895018,r,270.9534538965361,-24.785617259604358,17.54770851135254,3627.64,206.439,False,3612.2,8.92986,4562.98,199.28,False,982.405,45.0328,22.500939577202626,0.06178625717405395,22.50557054395341,0.002684090737333447,22.251878591596196,0.04741758905034939,23.91927355720543,0.049769431715970376
2016 UY15,869967,MBO,MBO,21164732680582489,745209490246205558,17.983234,2.394755,1.5921125,270.95338398800817,-24.785617837041173,2025050300680,172,60799.288427974236,r,270.9533564754577,-24.7856050557695,14.150404930114746,3351.67,236.178,False,3137.93,1.96698,4227.81,199.305,False,899.237,90.4277,22.586846894978194,0.076507235075395,22.65839189553234,0.0006805828764037374,22.3347113308226,0.051183152350303504,24.01531458041287,0.10918214415215456
2016 UY15,869967,MBO,MBO,21164732680582489,745209490466407037,17.982925,2.3947556,1.5921037,270.9533186180088,-24.785602590701625,2025050300682,80,60799.289408687604,r,270.9532965562469,-24.785603781385127,14.713634490966797,3236.21,215.138,False,2836.95,5.24609,4204.86,188.625,False,1012.04,86.4637,22.62490827426365,0.07217798565879582,22.767870814653485,0.002007744188022276,22.34062118374235,0.048704831618975625,23.887005828686835,0.09275994111876262
2016 UY15,869967,MBO,MBO,21164732680582489,745209490632606481,17.982763,2.3947558,1.5920992,270.9532844910813,-24.785594625122847,2025050300683,141,60799.2899207585,r,270.95324192555864,-24.785577466624815,13.86658000946045,3030.47,218.405,False,2767.56,12.9023,4661.24,202.413,False,1512.47,74.0748,22.696225037774212,0.07824866003203426,22.794757364395146,0.005061676642546302,22.228746283767656,0.04714777725815098,23.450783098196823,0.05317506611083943
2016 UY15,869967,MBO,MBO,21164732680582489,745209491162137773,17.98212,2.3947568,1.592081,270.9531483881463,-24.78556281531021,2025050300687,127,60799.29196196838,r,270.95310430670946,-24.78553938780828,15.952672958374023,3545.33,225.349,False,3299.5,3.6607,4578.45,182.323,False,1388.2,41.095,22.525858312038025,0.06901178777552569,22.603879668254645,0.001204593003374501,22.248203764339824,0.04323617632495107,23.543869938023505,0.03214114121112849
2016 UY15,869967,MBO,MBO,21164732680582489,745209491321520512,17.98197,2.394757,1.5920767,270.95311643220845,-24.785555336815275,2025050300688,175,60799.292440567035,r,270.95307856378986,-24.785531443477346,15.70359992980957,3425.2,216.432,False,3303.36,13.516,4257.67,190.026,False,1211.65,71.5819,22.56328517710341,0.06860564902490993,22.602610200541726,0.004442388913907767,22.327070026258347,0.048457985915169026,23.6915570115105,0.06414316060957373
2016 UY15,869967,MBO,MBO,21164732680582489,745209491808059449,17.981344,2.3947582,1.5920589,270.9529840159763,-24.785524308026872,2025050300692,79,60799.29442461897,r,270.9531240080012,-24.78555348662268,17.425901412963867,825.768,189.148,False,3299.38,1.42062,1922.39,164.678,False,1060.87,104.671,24.107854870013078,0.24869554752405165,22.603919194835402,0.00046748740173962615,23.190396245068165,0.09300758878552184,23.83584458422066,0.1071244282775944
2016 UY15,869967,MBO,MBO,21164732680582489,745209491971114437,17.981192,2.3947585,1.5920546,270.9529517661489,-24.785516741168596,2025050300693,134,60799.29490756752,r,270.95289878725504,-24.785518317542483,16.19861602783203,3779.21,233.758,False,3548.48,7.97716,5346.45,190.111,False,1470.4,31.7089,22.456497448466557,0.0671567659917973,22.524894101490354,0.00244078913951997,22.079836186195223,0.03860699714111267,23.481411246867683,0.023413697403302066
2016 UY15,869967,MBO,MBO,21164732680582489,745209492261044957,17.98085,2.394759,1.592045,270.9528796361292,-24.785499803084075,2025050300695,175,60799.295987649326,r,270.9530004667775,-24.785573604675413,12.335858345031738,1139.3,248.24,False,2874.33,28.9131,2485.5,218.871,False,1401.61,22.5772,23.758404710018382,0.23656907740021121,22.753658401154276,0.010921500953796848,22.911465581312456,0.09560900070700759,23.53343204290924,0.0174890901382493
2016 UY15,869967,MBO,MBO,21164732680582489,745209493332689811,17.9796,2.394761,1.5920097,270.95261467798247,-24.78543741539116,2025050300703,171,60799.29995161202,r,270.9528823442715,-24.785502930001957,16.8414363861084,100.077,222.636,False,3440.01,3.47666,1687.87,195.638,False,1602.38,78.4007,26.39916426707996,2.4153797476181875,22.558600734283637,0.0010973036814570347,23.33165251776161,0.1258457468709656,23.38808620743778,0.053122531442765984
2016 UY15,869967,MBO,MBO,21164732680582489,745209493601125837,17.979288,2.3947616,1.5920008,270.9525483876042,-24.78542176462705,2025050300705,171,60799.30094215474,r,270.9528158296191,-24.785499793221,15.700085639953613,258.857,219.462,False,3020.03,1.00829,1729.76,186.55,False,1382.44,49.9335,25.36735023840422,0.9204999285682182,22.699971846669136,0.0003624920958346114,23.305035368860747,0.11709375356554626,23.54838431765748,0.03921660927203651
2016 UY15,869967,MBO,MBO,21164732680582489,745209493841772760,17.978971,2.394762,1.5919919,270.9524814083255,-24.785405934005286,2025050300707,118,60799.30194344628,r,270.95276935217385,-24.785463772704176,17.040407180786133,179.365,219.626,False,3574.79,3.06244,1750.11,188.401,False,1531.94,94.0339,25.765655712088417,1.3294449869843428,22.516873652177765,0.0009301250865361571,23.29233664324095,0.11688053292938318,23.436895651424223,0.06664491480512343
2016 UY15,869967,MBO,MBO,21164732680582489,745209494000107950,17.978815,2.3947625,1.5919874,270.95244801170384,-24.785398034185757,2025050300708,164,60799.30244252259,r,270.952740200066,-24.785477991407806,17.548744201660156,-336.261,217.097,False,3591.38,0.149139,996.34,189.319,False,1317.61,85.3475,nan,nan,22.511846635971093,4.5087297712614534e-05,23.903981055080937,0.20630556564349914,23.60053280644106,0.07032799974337967
2016 UY15,869967,MBO,MBO,21164732680582489,745213856220447880,17.694954,2.3952456,1.583934,270.896605925783,-24.77005729512577,2025050400441,183,60800.217914349145,i,270.89656764468134,-24.77003451006303,12.975007057189941,4400.95,333.594,False,4070.73,10.5279,4997.67,208.678,False,1301.08,108.519,22.29113386558613,0.08229929016559329,22.375819260682334,0.0028079784129465242,22.15308107712761,0.04533497740326352,23.61424003414109,0.09055785050527934
2016 UY15,869967,MBO,MBO,21164732680582489,745213856459524341,17.69464,2.395246,1.5839252,270.89653472286307,-24.770043070615397,2025050400443,127,60800.218894994105,i,270.89650609828476,-24.770018374055645,11.252305030822754,3731.31,327.895,False,3556.58,14.6895,3714.47,243.898,False,1529.92,52.1573,22.47034665283251,0.09541084909601004,22.522418521263006,0.004484342112948008,22.475257870788983,0.07129116280996321,23.438328163774152,0.03701439701776112
2016 UY15,869967,MBO,MBO,21164732680582489,745213856885245068,17.694168,2.3952467,1.5839121,270.89642761756687,-24.77002165887493,2025050400446,171,60800.22036782186,i,270.89639571927586,-24.770015182729495,11.091449737548828,3695.07,332.415,False,3528.56,2.59587,5179.19,203.674,False,1480.83,221.214,22.480943304530594,0.09767474042581613,22.531006215417413,0.0007987479353030505,22.114345403478637,0.042697069212752466,23.473737021804713,0.16219286537335065
2016 UY15,869967,MBO,MBO,21164732680582489,745213857105446173,17.69386,2.3952475,1.5839036,270.8963573964858,-24.770007610905605,2025050400448,79,60800.221332223904,i,270.89630107205653,-24.76999306410722,12.056375503540039,4529.64,377.735,False,3790.28,12.6883,6290.5,237.683,False,1892.98,199.016,22.259840749297567,0.09054153023667405,22.45332175694936,0.0036345986904617236,21.903287083282393,0.04102393083183034,23.2071349474174,0.11414747423639082
2016 UY15,869967,MBO,MBO,21164732680582489,745213857558955434,17.693344,2.3952482,1.5838894,270.89624051067824,-24.76998420981464,2025050400451,176,60800.222937630184,i,270.89618971539767,-24.769980086082974,9.596025466918945,3606.45,378.193,False,3264.05,17.9803,4294.37,231.589,False,1973.52,48.3187,22.507300225980433,0.11385651558276604,22.61560797669247,0.005980871423889164,22.317751319797644,0.05855214151691381,23.161896159327924,0.02658263418913855
2016 UY15,869967,MBO,MBO,21164732680582489,745213858228472069,17.69255,2.3952496,1.5838674,270.8960603321817,-24.769948092865324,2025050400456,173,60800.225408649734,i,270.8960388630882,-24.769909949562702,12.052886962890625,2651.31,216.208,False,3329.24,4.04634,3492.19,152.208,False,1486.06,132.421,22.84134870135542,0.08853919009312258,22.594137243350595,0.0013195978167353847,22.542255357246326,0.04732209041944982,23.469909095905667,0.09674863329910353
2016 UY15,869967,MBO,MBO,21164732680582489,745213858630600449,17.692076,2.3952503,1.5838543,270.8959520663528,-24.769926364300183,2025050400459,172,60800.22689141979,i,270.89612721243236,-24.76996618475429,11.823344230651855,568.252,287.583,False,3387.34,2.44889,2578.97,196.962,False,1820.45,221.464,24.51364754062608,0.5494732542510085,22.575352995338836,0.0007849369811579856,22.871384286797316,0.0829202289625461,23.249553141081705,0.13208354758646718
2016 UY15,869967,MBO,MBO,21164732680582489,745213858899036104,17.691763,2.3952508,1.5838457,270.8958809075459,-24.76991207186693,2025050400461,172,60800.22786552283,i,270.89608657704633,-24.76995556370971,13.711037635803223,122.629,266.725,False,4092.11,7.61481,1297.69,162.351,False,1417.11,55.3332,26.178517052590315,2.3615376544687265,22.370131722833225,0.002020394046441934,23.617072654089313,0.13583395439942755,23.52149110448437,0.04239420906559912
2016 UY15,869967,MBO,MBO,21164732680582489,745213868833243609,17.675898,2.3952768,1.5834105,270.89223177176643,-24.76916470473909,2025050400535,176,60800.27716282783,g,270.8921974928178,-24.769160727133613,21.552528381347656,2554.85,116.46,False,2449.53,0.098513,2128.85,114.19,False,-319.451,32.2774,22.88158644104485,0.049492076865138825,22.927293080172127,4.3665163990208494e-05,23.079637295503208,0.05823811644067825,nan,nan
2016 UY15,869967,MBO,MBO,21164732680582489,745213869074940116,17.67558,2.3952773,1.5834018,270.8921580447592,-24.76914926486192,2025050400537,125,60800.27814777821,g,270.89210749581827,-24.76913391037136,26.633346557617188,2950.77,110.528,False,2674.03,0.0832887,2648.2,108.514,False,-295.813,26.4511,22.7251615942954,0.04066879164172675,22.83208429982355,3.381770413292373e-05,22.842623066951507,0.04448968379624024,nan,nan
2016 UY15,869967,MBO,MBO,21164732680582489,745213869501711144,17.673275,2.395281,1.5833391,270.8916224771299,-24.769036643034028,2025050400540,171,60800.28529242659,g,270.8915896799804,-24.769018858492654,27.00476837158203,2743.09,101.069,False,2545.72,0.891763,2571.81,101.968,False,-250.267,41.1186,22.80439982292149,0.04000388949243548,22.885473426162896,0.0003803322265501517,22.874402773614015,0.04304763933674779,nan,nan
2016 UY15,869967,MBO,MBO,21164732680582489,745213869770146631,17.672958,2.3952816,1.5833305,270.89154891848284,-24.769021109923123,2025050400542,171,60800.28627210597,g,270.89150647207885,-24.769006834526998,24.14479637145996,2693.38,109.54,False,2520.17,0.191818,2580.27,111.124,False,-302.939,24.7645,22.824255970004486,0.044156988630595674,22.89642544006522,8.263877142060116e-05,22.870837109262176,0.04675919562708148,nan,nan
2016 UY15,869967,MBO,MBO,21164732680582489,745213870010794505,17.67264,2.395282,1.5833218,270.89147473578043,-24.76900542888705,2025050400544,118,60800.28726024374,g,270.89142995217054,-24.768987292551287,24.09760093688965,2731.96,112.68,False,2598.35,0.263158,2384.09,111.339,False,-341.979,28.6867,22.8088141746938,0.04478131364762166,22.86325583289132,0.00010996214922383579,22.95669334471355,0.05070478692726278,nan,nan
2016 UY15,869967,MBO,MBO,21164732680582489,745213870169129391,17.672478,2.3952823,1.5833174,270.8914372601362,-24.768997500942355,2025050400545,164,60800.28775939335,g,270.8913913719217,-24.768985709544182,25.107086181640625,3000.06,118.493,False,2726.0,0.0923398,2792.67,117.05,False,-346.125,22.4282,22.707175127488533,0.04288318683262915,22.811185371253362,3.67779393639154e-05,22.784950981173196,0.04550678370002917,nan,nan
2016 UY15,869967,MBO,MBO,21164732680582489,745213870661960013,17.671846,2.3952832,1.5833002,270.89129045530615,-24.76896640418458,2025050400549,80,60800.28971380034,g,270.89124335337544,-24.7689652801613,22.74672508239746,2725.61,118.736,False,2443.64,1.40185,2432.82,116.276,False,-311.358,24.431,22.811340672340716,0.04729802466001623,22.929906983992144,0.0006228574378369373,22.93472502587303,0.0518924788753003,nan,nan
2016 UY15,869967,MBO,MBO,21164732680582489,745213870828159435,17.671694,2.3952835,1.5832961,270.89125460467903,-24.768958800358646,2025050400550,141,60800.290190008105,g,270.8912058814174,-24.768950423184585,23.991209030151367,2771.13,113.957,False,2513.87,0.243711,2615.08,115.892,False,-339.283,21.9688,22.79335779591357,0.04464866199460299,22.899142911340668,0.00010525836186065921,22.856287519424527,0.04811636149839859,nan,nan
2016 UY15,869967,MBO,MBO,21164732680582489,745213871114944934,17.671375,2.3952842,1.5832874,270.89118040664727,-24.76894305083758,2025050400552,176,60800.29117727606,g,270.8911421889475,-24.76893076908124,20.191530227661133,2534.05,124.615,False,2364.65,1.6596,2138.41,122.327,False,-282.584,19.6928,22.890462029555643,0.05339240039837443,22.965582873821987,0.0007620104036346267,23.074772602935628,0.062109166135372366,nan,nan
2016 UY15,869967,MBO,MBO,21164732680582489,745213871357166038,17.67106,2.3952847,1.5832789,270.8911073900696,-24.768927535818584,2025050400554,126,60800.292148353954,g,270.8910584184856,-24.768923812762807,22.753686904907227,2641.67,115.595,False,2523.86,0.543156,2349.73,111.162,False,-216.314,14.8105,22.845303621671075,0.047509977259118104,22.89483680211419,0.0002336596083413025,22.97245510467183,0.05136445965272376,nan,nan
2016 UY15,869967,MBO,MBO,21164732680582489,745213871517073571,17.670904,2.395285,1.5832746,270.89107091150817,-24.768919778550774,2025050400555,175,60800.292633740675,g,270.8910407072933,-24.76890749966938,21.57925796508789,2639.0,121.444,False,2567.0,1.89563,2526.53,120.248,False,-200.46,20.9689,22.846401524449874,0.04996443649705137,22.876435328321392,0.0008017741036310023,22.893688838873672,0.05167467112152817,nan,nan
2016 UY15,869967,MBO,MBO,21164732680582489,745213871779741951,17.67059,2.3952854,1.583266,270.89099748750425,-24.76890415240382,2025050400557,164,60800.293609836066,g,270.89094461597017,-24.768895292182076,24.123701095581055,2794.6,113.936,False,2428.89,0.483108,2660.14,111.612,False,-118.146,25.7742,22.784200825264037,0.04426552374414274,22.936480430905654,0.00021595374210598106,22.837738809759532,0.04555444211540118,nan,nan
2016 UY15,869967,MBO,MBO,21164732680582489,745213872002040770,17.670273,2.3952858,1.5832574,270.89092366659986,-24.76888842511044,2025050400559,76,60800.29459033977,g,270.8908864933896,-24.76888531641277,22.447223663330078,2608.25,115.487,False,2378.43,0.0691084,2468.35,113.519,False,-143.143,21.9887,22.85912695986473,0.04807377227978816,22.959274095842556,3.154748745222379e-05,22.91898310562346,0.0499328216433465,nan,nan
2016 UY15,869967,MBO,MBO,21164732680582489,745213872166666802,17.670116,2.395286,1.5832533,270.890887463503,-24.768880706025666,2025050400560,134,60800.29507109614,g,270.89083806227075,-24.768863391685475,24.095069885253906,2802.31,115.631,False,2590.27,1.38349,2837.12,117.88,False,-202.48,24.6773,22.781209535860278,0.04480045280104074,22.866637402654025,0.0005799029190415418,22.76780569194551,0.045111442430467365,nan,nan
2016 UY15,869967,MBO,MBO,21164732680582489,745213872456597904,17.669771,2.3952868,1.5832438,270.8908068358223,-24.768863500322485,2025050400562,175,60800.29614239233,g,270.8907560300909,-24.768851948234328,20.589738845825195,2793.24,135.304,False,2607.5,0.890942,2349.28,131.277,False,-295.942,9.83948,22.78472937220748,0.05259285019903378,22.85943920725358,0.0003709790839162212,22.97266303284315,0.060670580839636494,nan,nan
2016 UY15,869967,MBO,MBO,21164732680582489,745213872858726545,17.669285,2.3952875,1.5832307,270.8906936460562,-24.768839311833656,2025050400565,174,60800.297645860366,g,270.89063510828606,-24.768832156819883,19.570646286010742,2568.91,131.266,False,2508.1,0.231415,2152.46,127.725,False,-354.288,18.099,22.875627813837635,0.05547888425607389,22.901637837274478,0.00010017767947155365,23.067662295859556,0.06442658986122565,nan,nan
2016 UY15,869967,MBO,MBO,21164732680582489,745213873125589800,17.668968,2.395288,1.583222,270.8906195169998,-24.768823448824385,2025050400567,171,60800.29862960992,g,270.89058049917236,-24.768806661955335,24.151473999023438,3031.56,124.275,False,2895.92,0.113854,2743.52,122.512,False,-354.34,16.602,22.695834558711503,0.044508393663692886,22.745533628604903,4.2686058849512304e-05,22.804229665997774,0.048483595562248516,nan,nan
2016 UY15,869967,MBO,MBO,21164732680582489,745213873366761925,17.668657,2.3952885,1.5832136,270.89054687602123,-24.768807887463588,2025050400569,119,60800.299593829004,g,270.89050526010624,-24.768790408357212,27.026132583618164,3342.72,122.343,False,2809.13,0.304486,3232.36,124.031,False,-394.103,30.2371,22.589750009963602,0.03973776690273287,22.77857045078146,0.00011768465499590043,22.626200654432463,0.041661492165237055,nan,nan
2016 UY15,869967,MBO,MBO,21164732680582489,745213873528242540,17.668495,2.3952887,1.5832093,270.8905092673933,-24.768799824279025,2025050400570,171,60800.300092807156,g,270.8904704326583,-24.768774765263814,21.659841537475586,3146.46,144.467,False,2945.61,0.531097,2428.47,139.346,False,-469.831,12.0188,22.655444475820588,0.04985064137830235,22.727061846551862,0.00019575952503800439,22.9366681560884,0.062299716059433435,nan,nan
2016 UY15,869967,MBO,MBO,21164732680582489,745213873793008067,17.668177,2.3952892,1.5832006,270.890434940438,-24.768783875579985,2025050400572,164,60800.301078521596,g,270.8904040480522,-24.768767909174905,18.465282440185547,3132.41,168.23,False,2851.06,2.0515,2492.64,165.947,False,-648.574,5.1391,22.660303526083048,0.0583108220867221,22.76248408506629,0.0007812490327571931,22.908351146863872,0.07228267238553564,nan,nan
2016 UY15,869967,MBO,MBO,21164732680582489,745213874016879213,17.667858,2.39529,1.583192,270.890360519633,-24.768767889099088,2025050400574,79,60800.302065948235,g,270.8903397597087,-24.768753299490104,21.213043212890625,2938.46,136.438,False,2684.93,0.0749742,2420.95,138.3,False,-425.648,14.5207,22.729700556369508,0.05041269308331032,22.82766760889514,3.0318186021160623e-05,22.940035471825816,0.06202413245212637,nan,nan
2016 UY15,869967,MBO,MBO,21164732680582489,745213874195660885,17.667698,2.3952901,1.5831876,270.8903233401543,-24.76875989586127,2025050400575,164,60800.30255833615,g,270.89028585044065,-24.768745043061774,20.760568618774414,2830.63,135.065,False,2640.42,0.164096,2371.93,132.296,False,-410.686,15.5351,22.770292282045073,0.05180647743345173,22.84581749792893,6.747599667862873e-05,22.962245361152334,0.06055767530383321,nan,nan
2016 UY15,869967,MBO,MBO,21164732680582489,745213874452038486,17.667377,2.3952906,1.5831789,270.8902483642763,-24.76874376324325,2025050400577,141,60800.30355237564,g,270.8902204361613,-24.768725978380584,23.02533721923828,2698.18,116.294,False,2584.68,1.47412,2359.57,114.86,False,-332.38,15.5573,22.822322730514028,0.046796213745366196,22.8689830729421,0.00061922772611831,22.96791780396108,0.05285185755382531,nan,nan
2016 UY15,869967,MBO,MBO,21164732680582489,745213874686919239,17.667059,2.395291,1.5831703,270.89017397420935,-24.768727738751696,2025050400579,77,60800.30453856164,g,270.890144501531,-24.768702377514526,20.76267433166504,2957.16,139.652,False,2843.63,1.58226,2493.46,140.242,False,-453.244,7.78235,22.722812974558153,0.051273934840775325,22.765317326389088,0.0006041281924322359,22.907994002826513,0.06106607845499224,nan,nan
2016 UY15,869967,MBO,MBO,21164732680582489,745213874854691100,17.666904,2.3952913,1.5831661,270.89013790466674,-24.768719962498203,2025050400580,141,60800.305016779865,g,270.8900975056471,-24.768698955272605,23.362777709960938,2727.76,116.677,False,2597.54,0.150787,2260.59,109.983,False,-308.007,14.4092,22.81048460466804,0.046441198943314464,22.863594373517543,6.302690167622593e-05,23.014445452503008,0.05282360897850541,nan,nan
2016 UY15,869967,MBO,MBO,21164732680582489,745438123029695568,5.348876,2.4166982,1.4149811,259.7765062320809,-23.17521565070375,2025062400191,167,60851.05934909057,r,259.7764518931078,-23.17520648537314,8.401436805725098,1521.93,175.803,False,1587.5,55.1165,3953.41,117.802,False,2394.97,144.542,23.444013267049968,0.12541685130688843,23.398215665089964,0.03769573572113672,22.407570382977855,0.03235229873880003,22.95174981902614,0.06552670493266423
2016 UY15,869967,MBO,MBO,21164732680582489,745473333151138824,9.214613,2.419118,1.4479084,257.8125302346398,-22.80803637867101,2025070200383,128,60859.19379185574,z,257.8124947796756,-22.808002639286023,14.767581939697266,10157.7,684.137,False,10920.0,19.8506,8402.0,551.604,False,-278.702,68.2248,21.3830115238175,0.07312603459535827,21.304443404078203,0.001973673473823132,21.589043306995066,0.07128022348614142,nan,nan
2016 UY15,869967,MBO,MBO,21164732680582489,745508474189250813,12.585401,2.4211714,1.4940466,256.2997541120167,-22.47773216075557,2025071000060,163,60867.00534178404,z,256.29970340419555,-22.477744211216134,6.586127758026123,6577.74,997.0,False,6602.65,11.8523,5604.19,915.386,False,-361.408,399.659,21.854808203769586,0.16456700288753642,21.850704325161857,0.0019489857971685491,22.02871788425675,0.1773436869691975,nan,nan
2016 UY15,869967,MBO,MBO,21164732680582489,745508479557435490,12.595046,2.4211771,1.4942012,256.2956781771572,-22.476845719856307,2025071000100,162,60867.0286405307,z,256.2956556358287,-22.476814312096586,8.071712493896484,7775.46,956.227,False,7294.21,1.31037,7692.51,880.585,False,885.468,283.259,21.673184776624666,0.13352396745015657,21.742554349620235,0.00019504732163650555,21.68482985936055,0.12428753018888966,24.032067801430895,0.3473242945358484
2016 UY15,869967,MBO,MBO,21164732680582489,745508479691653267,12.595236,2.4211774,1.4942042,256.29559810037733,-22.476828235932885,2025071000101,162,60867.02909764819,z,256.2955282484536,-22.47680819610348,7.1902360916137695,6742.86,924.4,False,7327.91,7.81958,5452.53,810.164,False,-247.12,373.023,21.827889665407277,0.1488470166273398,21.73754965992395,0.0011585842369511807,22.058504883381097,0.16132408677101653,nan,nan
2016 UY15,869967,MBO,MBO,21164732680582489,745508484985389462,12.603533,2.4211822,1.4943376,256.29208663029743,-22.476058544941846,2025071000141,19,60867.049115447444,z,256.29199501415457,-22.4759986266837,7.0167317390441895,8333.65,1154.72,False,8970.6,260.117,32089.5,1038.23,False,24142.3,244.418,21.59791180703521,0.15044082962251595,21.517946317601684,0.03148267244579971,20.134092624442033,0.03512812224123927,20.443053359106784,0.010992053876880556
2016 UY15,869967,MBO,MBO,21164732680582489,745508485178852118,12.6037245,2.4211824,1.4943407,256.2920055107144,-22.47604069059255,2025071000142,132,60867.04957719726,z,256.291959943639,-22.47599112048556,5.785113334655762,5558.54,977.057,False,4997.87,18.4826,30685.8,852.507,False,26096.3,327.868,22.037598154245963,0.1908461860451592,22.153037585870912,0.0040151557968453305,20.182656347045913,0.030163714546141123,20.35855262668796,0.013640943727005358
2016 UY15,869967,MBO,MBO,21164732680582489,745508485313069891,12.603913,2.4211824,1.4943438,256.29192544164414,-22.476023064025096,2025071000143,132,60867.050033652005,z,256.29187114454754,-22.475999968942133,6.2226386070251465,5493.5,868.227,False,5066.71,5.81276,16802.6,757.285,False,11998.2,379.888,22.050377177870484,0.17159651892518415,22.138184889445814,0.0012456059051865638,20.836558803324326,0.048933601453167566,21.202209739853267,0.03437666893109864
2016 UY15,869967,MBO,MBO,21164732680582489,745512888435736832,12.976757,2.421408,1.5006918,256.1414516766745,-22.439349433300507,2025071100181,86,60867.97566892921,i,256.1414112773168,-22.439337795358878,10.884333610534668,5607.76,505.939,False,6032.86,5.59211,4703.12,427.776,False,-63.6272,201.045,22.028026499148687,0.09795645812611348,21.948691906877443,0.0010064143036736012,22.219034823193514,0.09875399313948384,nan,nan
2016 UY15,869967,MBO,MBO,21164732680582489,745512948303659222,13.078618,2.4214683,1.5024339,256.0995598234838,-22.429594365019785,2025071100627,99,60868.22577015796,z,256.0994711885447,-22.42955569339567,7.544698715209961,6742.03,926.322,False,7893.78,17.7996,14086.7,837.678,False,8351.6,298.048,21.82802333292666,0.14917486098988142,21.656787483496267,0.0024482150920011815,21.02797682077595,0.0645642554035232,21.595575836742704,0.03874724891010398
2016 UY15,869967,MBO,MBO,21164732680582489,745517302551675050,13.384857,2.421654,1.5079333,255.9808157432425,-22.39959647374004,2025071200301,16,60869.00393690423,g,255.9807712119902,-22.399608467049664,12.985945701599121,3293.76,253.042,False,3072.24,0.0657606,3601.79,243.734,False,471.118,80.2756,22.60577011904156,0.0834113195844714,22.68136215522474,2.3239936291855027e-05,22.508704018306943,0.07347202869575974,24.717175729456933,0.18500273707350595
2016 UY15,869967,MBO,MBO,21164732680582489,745517308994126358,13.394361,2.4216597,1.5081004,255.9770108041666,-22.398727345883746,2025071200349,16,60869.02766806082,r,255.97697677127726,-22.398714798915968,16.585365295410156,6694.42,398.682,False,7031.6,4.35432,6695.07,381.925,False,378.329,14.7409,21.83571762267295,0.06466034310052172,21.782364591252,0.0006723424055628098,21.835612223211417,0.0619365888087688,24.95532589006637,0.042303731515011864
2016 UY15,869967,MBO,MBO,21164732680582489,745521665739849750,13.763994,2.4218826,1.5149875,255.8364325704071,-22.362646187149263,2025071300041,89,60869.977074679904,r,255.83639510831247,-22.36264506179947,15.932413101196289,4049.46,251.283,False,3935.61,1.16578,5196.43,212.935,False,1544.27,104.14,22.381507226915865,0.06737368897110527,22.412469831865984,0.000321609474015826,22.110737259839055,0.044490395962010786,23.42819189967116,0.0732181330148155
2016 UY15,869967,MBO,MBO,21164732680582489,745521668558422027,13.768487,2.4218853,1.5150698,255.83469357212945,-22.36224212125473,2025071300062,89,60869.98851442897,i,255.8346639243276,-22.362222589442233,14.113617897033691,5713.36,402.399,False,5763.22,6.31849,4724.64,340.996,False,-1466.69,23.725,22.00777105121077,0.07646974095793173,21.998336963859263,0.0011903437882778943,22.214078162378385,0.0783618846197414,nan,nan
2016 UY15,869967,MBO,MBO,21164732680582489,745521719408067416,13.846436,2.4219313,1.516525,255.80441499290052,-22.354866252501264,2025071300441,53,60870.186487347164,i,255.80439019555172,-22.35483612132401,15.42261028289795,5897.65,381.147,False,5412.52,1.13559,6801.58,326.721,False,1384.44,60.2305,21.97330252927109,0.07016779692474304,22.06650121072768,0.0002277961330180892,21.818475461066562,0.0521544734447983,23.546814699257204,0.04723529835396321
2016 UY15,869967,MBO,MBO,21164732680582489,745543656734196159,15.614727,2.4229965,1.5542438,255.20497850734927,-22.185609499451267,2025071800047,6,60874.99945700771,g,255.20494404333814,-22.185586598933728,15.314672470092773,2456.68,160.386,False,2276.29,0.34821,3174.88,140.382,False,830.876,95.203,22.924128554645314,0.07088301834379172,23.006931005144153,0.0001660878907869245,22.64568175248003,0.04800743008581342,24.10115949443361,0.12440526624695432
2016 UY15,869967,MBO,MBO,21164732680582489,745548053749434321,15.952672,2.4232001,1.5624051,255.10535610744023,-22.153968778717587,2025071900039,87,60875.97484753109,r,255.10531908146675,-22.153948420574295,22.050060272216797,4131.79,184.655,False,3538.58,0.292479,4287.99,160.667,False,563.155,64.1176,22.35965438922262,0.04852294421275604,22.527927429640734,8.974081173237373e-05,22.31936553098054,0.04068152616023995,24.523430082587435,0.12361569284476649
2016 UY15,869967,MBO,MBO,21164732680582489,745548056568006224,15.956696,2.4232025,1.562501,255.10413749450797,-22.1536229321006,2025071900060,87,60875.98635378305,i,255.10409734354317,-22.1535884940762,14.101033210754395,3623.99,257.034,False,3076.88,0.645656,4611.05,211.121,False,1140.32,145.541,22.502032526378773,0.07700659126951401,22.679723644212316,0.00022783212555500023,22.240500467177494,0.049711394450211686,23.757433197507755,0.13857438334614094
2016 UY15,869967,MBO,MBO,21164732680582489,745548093057925240,16.012583,2.4232354,1.5638487,255.08714895753604,-22.14858338588581,2025071900332,54,60876.14585444552,g,255.0870827090538,-22.148564875091225,8.298578262329102,1045.59,125.061,False,999.384,0.378119,2826.52,102.944,False,1843.11,90.6784,23.851596482968596,0.12986281113513984,23.90066904981819,0.0004107905375644254,22.77186983548563,0.039543335039328366,23.236121870028747,0.05341668192577072
2016 UY15,869967,MBO,MBO,21164732680582489,745556879650849448,16.68099,2.4236379,1.5811454,254.9089068010932,-22.08718745320414,2025072100261,110,60878.145255418436,r,254.9088817001362,-22.08717572108448,26.122833251953125,4544.91,171.498,False,4450.04,0.0268231,3959.01,142.895,False,-515.625,106.808,22.25618674371808,0.0409692562525966,22.279090203634368,6.544392907772933e-06,22.406033500494154,0.039188150379762025,nan,nan
2016 UY15,869967,MBO,MBO,21164732680582489,745561284494230329,17.023615,2.423844,1.5905944,254.8269533446148,-22.056221821819825,2025072200312,18,60879.20531477607,g,254.82688637439702,-22.056210978465888,11.615264892578125,3308.73,284.228,False,3216.2,2.92134,3130.04,274.805,False,-155.327,93.7704,22.600846683473375,0.09326739515816712,22.631642397483724,0.0009861963311680359,22.661125267449624,0.09532329493323474,nan,nan
2016 UY15,869967,MBO,MBO,21164732680582489,745561290589602031,17.031088,2.4238486,1.5908059,254.8251554841431,-22.055505626875,2025072200357,124,60879.22838142609,r,254.82507331667645,-22.055453906037926,6.3100266456604,4528.19,687.621,False,nan,nan,3260.77,663.164,False,41.943,40.6953,22.260188410835624,0.1648727181863199,nan,nan,22.616699576712996,0.22081323177344478,27.34335125338084,1.053438258686152
2016 UY15,869967,MBO,MBO,21164732680582489,745561290936680992,17.031528,2.4238489,1.5908183,254.82505031354947,-22.05546319970873,2025072200360,18,60879.22974241963,r,254.82503315061112,-22.055454967322092,7.0577898025512695,4229.6,600.821,False,3995.3,125.52,3466.3,590.424,False,11.6141,35.7106,22.33425173143905,0.15423044252946957,22.396126498536375,0.03411048059243242,22.550334616814713,0.18493630560578925,28.737536054633722,3.3383810843780553
2016 UY15,869967,MBO,MBO,21164732680582489,745565675991335987,17.334274,2.4240315,1.599538,254.7593095973741,-22.0286346559818,2025072300263,70,60880.19145211986,i,254.7592765406183,-22.02861286675484,15.815896034240723,4459.08,281.1,False,4146.08,0.439807,5257.68,253.082,False,725.236,137.207,22.27688682082169,0.06844471246021039,22.35590578530151,0.0001151724934380341,22.098014588802492,0.052262648502955714,24.248801580872087,0.2054098300794093
2016 UY15,869967,MBO,MBO,21164732680582489,745565682165350866,17.345085,2.424038,1.599856,254.75691452118207,-22.02761416517102,2025072300309,70,60880.22558739535,z,254.75688269298308,-22.02758042939286,8.825950622558594,6835.26,767.069,False,7391.15,12.3805,10851.6,691.847,False,4246.28,62.6196,21.8131124398897,0.12184387726813686,21.72821997390705,0.0018186557012991767,21.31126559686119,0.06922143708378836,22.329978484476918,0.016011277762634078
