100099
102781
102944
104639
104720
104928
10505
105695
105899
105915
106827
108603
108691
109191
109312
110138
11143
111612
111614
113397
11346
113595
114384
117506
118083
118997
119376
120775
121195
121217
121650
121761
121815
121917
122960
1232
123338
123813
124387
125380
12560
125899
125973
126516
127774
127824
128442
128475
128530
129090
129284
129449
131061
131448
131712
133202
133692
135120
135505
13622
136879
136950
137761
138624
138661
138684
139700
139850
140053
140280
140390
14045
140688
140894
142628
143323
143400
144341
146231
146501
146913
147222
147235
147296
148030
148557
148652
148766
149438
149645
150000
150740
152462
152842
153159
154972
155575
156059
156292
157546
157987
158455
158610
159131
159273
159415
16056
160762
160773
16125
161974
162311
163153
163361
16337
163583
163745
16378
164117
165517
165687
166709
167130
167186
167637
168274
168923
169954
170639
170730
17090
171604
172523
173149
173449
173825
174492
17510
175624
17655
178647
179383
179858
180025
180465
181172
18169
183621
183972
185271
187299
188269
18886
189187
189224
189247
189371
189468
190060
190838
191723
191801
192931
193811
1940
194576
196319
197001
198668
199380
199505
2001 QS209
2002 TM61
2003 UD337
2005 VB143
2006 DD168
2006 WB209
2007 BW9
2007 ED239
2007 RK171
2007 TV110
2007 VA79
2007 VL383
200799
2008 CR22
2008 CX73
2008 FT141
2008 SW261
2008 UH405
2008 WQ168
2008 YP186
2009 DF158
2009 HC32
2009 QH73
2009 SR145
2009 UN190
2010 BX81
2010 CD193
2010 EE192
2010 FE110
2010 GM139
2010 HQ41
2010 JR19
2010 NU137
2010 PY73
2010 SA23
2010 TW72
2010 WA39
2010 XG124
2011 BS123
2011 HL100
2011 PJ1
2011 UH176
2011 YK86
2012 AU15
2012 DF111
2012 GQ49
2012 RN49
2012 TQ337
2012 UU194
2012 UZ208
2012 VA88
2013 AE54
2013 AV188
2013 CE265
2013 CO53
2013 CQ264
2013 EE186
2013 EG30
2013 GF165
2013 GF58
2013 JA86
2013 NG62
2013 NT49
2013 QG96
2013 RH114
2013 TW234
2013 WU137
2013 YS173
201342
2014 AL73
2014 BF24
2014 BG90
2014 BW31
2014 GR95
2014 HK221
2014 HN360
2014 HW150
2014 KJ83
2014 OJ100
2014 OR489
2014 OU90
2014 PV68
2014 QJ219
2014 QU480
2014 UD238
2014 WM583
2014 WP554
2014 YQ61
2014 YV65
2015 AM50
2015 AM86
2015 BK573
2015 BR134
2015 FQ83
2015 HJ220
2015 HW471
2015 KH221
2015 KJ221
2015 KN311
2015 KQ383
2015 KU213
2015 KY317
2015 MD193
2015 MR41
2015 OH158
2015 OL131
2015 OX161
2015 PB242
2015 PB298
2015 QR35
2015 RC215
2015 TA176
2015 TS450
2015 VY44
2015 VZ149
2016 AK227
2016 AP401
2016 AY310
2016 BF11
2016 BN122
2016 BV17
2016 CK431
2016 CM343
2016 DE37
2016 DJ41
2016 EC329
2016 EO258
2016 EX112
2016 EX331
2016 FV145
2016 GD321
2016 GT307
2016 GW238
2016 NG152
2016 PT139
2016 PW219
2016 QD62
2016 RB55
2016 RU58
2016 TH205
2016 TW171
2016 UR37
2016 VG8
2016 VL58
2016 VS27
2016 WS77
2017 AF33
2017 DV129
2017 EJ49
2017 FV194
2017 OF164
2017 OK124
2017 OR147
2017 QE155
2017 QL114
2017 QN124
2017 QO198
2017 QR192
2017 RC27
2017 RV104
2017 SF316
2017 SL252
2017 UH206
2017 UN109
2017 UV194
2017 UW195
2017 VN63
2017 WA92
2017 XO64
2017 YF20
2017 YG74
2017 YH47
2017 YH74
2018 BC54
2018 BD47
2018 FU45
2018 OT2
2018 PD28
2018 RK59
2018 RV2
2018 TJ21
2018 XQ11
2018 XR27
2018 XX32
2019 AB136
2019 AY143
2019 CF11
2019 CW13
2019 FO12
2019 FR19
2019 GG60
2019 GG74
2019 GX76
2019 JY66
2019 QF12
2019 QG38
2019 UK165
2020 BA60
2020 BE85
2020 BK120
2020 DA17
2020 DB18
2020 FK34
2020 HJ207
2020 HQ183
2020 HT124
2020 MF40
2020 OU85
2020 OW104
2020 PV101
2021 CN55
2021 CU22
2021 DF19
2021 GC232
2021 GG141
2021 GQ150
2021 GS138
2021 HV21
2021 LD37
2021 LD40
2021 LQ14
2021 NC28
2021 OG9
2021 PM150
2021 PP87
2021 PY100
2021 PZ94
2021 QL53
2021 QR7
2021 RJ166
2021 RK162
2021 RM206
2021 RO115
2021 RZ155
2021 SC28
2021 SK12
2021 SP57
2021 TD155
2021 TM193
2021 TN209
2022 PM6
2022 PQ34
2022 PY11
2022 QA292
2022 QD184
2022 QO69
2022 QP165
2022 QY73
2022 RF35
2022 RP70
2022 RY88
2022 RZ88
2022 SC226
2022 SH312
2022 SM302
2022 SM85
2022 SN246
2022 SO248
2022 SO282
2022 SP325
2022 SR38
2023 QG56
2023 RR110
2023 RZ22
2023 SF10
2023 SU21
2023 TS120
2023 XX21
2024 AL19
2024 BR20
2024 CW10
2024 EZ13
2024 FD7
2025 BC15
2025 BT20
2025 CA19
2025 DU13
2025 KA26
2025 KA27
2025 KA28
2025 KA29
2025 KA31
2025 KB26
2025 KB27
2025 KB28
2025 KB29
2025 KB31
2025 KB32
2025 KC27
2025 KC30
2025 KC31
2025 KD26
2025 KD29
2025 KE26
2025 KE27
2025 KE28
2025 KE30
2025 KE32
2025 KF25
2025 KF28
2025 KG26
2025 KG28
2025 KG29
2025 KG30
2025 KG31
2025 KH25
2025 KH26
2025 KH27
2025 KJ25
2025 KJ26
2025 KJ27
2025 KJ28
2025 KJ29
2025 KK25
2025 KK26
2025 KK27
2025 KK31
2025 KL25
2025 KL28
2025 KL29
2025 KL30
2025 KM25
2025 KM28
2025 KM29
2025 KM30
2025 KM31
2025 KN25
2025 KN26
2025 KN27
2025 KN28
2025 KN29
2025 KO26
2025 KO29
2025 KO31
2025 KP25
2025 KP26
2025 KP27
2025 KP28
2025 KP29
2025 KP30
2025 KQ25
2025 KQ26
2025 KQ28
2025 KQ29
2025 KR26
2025 KR27
2025 KR28
2025 KR30
2025 KS25
2025 KS26
2025 KS27
2025 KS28
2025 KS31
2025 KT25
2025 KT26
2025 KT27
2025 KT28
2025 KT29
2025 KU26
2025 KU27
2025 KV25
2025 KV26
2025 KW25
2025 KW26
2025 KX26
2025 KX27
2025 KX28
2025 KX30
2025 KY25
2025 KY26
2025 KY27
2025 KY28
2025 KY29
2025 KY30
2025 MA214
2025 MB120
2025 MB166
2025 MC118
2025 MC214
2025 MD119
2025 ME118
2025 ME120
2025 MG118
2025 MH118
2025 MK119
2025 ML323
2025 MM118
2025 MM120
2025 MN118
2025 MO119
2025 MO327
2025 MP196
2025 MQ118
2025 MQ119
2025 MQ196
2025 MQ214
2025 MQ215
2025 MR117
2025 MR118
2025 MS118
2025 MT118
2025 MV120
2025 MW117
2025 MX119
2025 MX213
2025 MY326
2025 MZ118
2025 MZ323
2025 NY96
2025 OZ84
204226
204880
204890
205312
20558
206451
207064
208272
20892
209664
209822
210752
211177
211886
213340
213594
214383
214876
215355
215532
215988
216195
216279
216332
217461
217668
217929
21805
218927
219686
221068
221490
22238
222759
224237
226174
22755
229102
229404
229667
230171
231698
233203
233756
233807
233850
234040
235099
236097
237138
239378
240824
240876
240911
241437
241890
241902
242943
243148
243252
243627
244583
245697
245912
246659
247101
247172
247907
248061
248447
248519
250071
250525
251172
251413
251962
25199
252228
252545
253180
254178
255059
256175
256186
25742
257665
257871
258236
258238
258602
259934
261349
261662
262356
26357
264597
266612
267066
267883
269004
269679
269790
272192
273829
273922
275512
27631
277296
277448
277986
278129
278385
279703
280169
280204
281027
281329
282813
283620
284363
284494
285169
285437
285619
285784
285985
286135
286483
286793
289130
289248
289386
29003
290253
290472
292343
292527
294203
294442
296403
297831
297843
298287
299023
299254
299266
30077
30134
301500
3021
302369
303802
303865
303911
304433
304869
30502
306095
306442
306532
306970
307602
307682
308159
309328
309429
310260
310411
310739
311799
312083
312440
313777
314386
314482
314490
314519
315024
315606
316791
317014
317018
317024
318025
318674
318807
319719
319904
319928
32041
32046
320871
320969
322050
322795
322992
323121
323124
323485
32361
325287
32533
32635
326480
327023
327087
328343
333791
334305
334501
334933
337574
338054
338306
338365
339664
341224
341284
341598
341749
34239
343606
34361
343669
345100
345544
345685
345967
348933
348976
350107
350367
350721
351333
351774
352524
35316
353720
35430
356862
3573
357598
358385
358572
358815
35929
359492
360474
36115
361155
361249
362917
36357
363929
364852
366293
366394
366605
366610
366977
36734
369524
36992
370996
372751
373473
374049
374410
374420
3774
37747
377702
377799
379364
382428
382970
383137
383402
383747
383998
38424
387380
387817
388790
391366
391952
395700
396048
39674
397072
399230
400009
400290
4005
400501
400971
401182
402027
402054
40211
402296
403065
40425
404354
404722
405057
406846
40734
407696
408296
411288
411550
413655
414886
415837
41678
417007
418174
419065
420332
420618
420688
420910
421116
423556
423594
423750
425778
42773
427836
429097
429882
430001
432315
433009
433604
433959
434444
434510
434984
434987
435053
435199
435366
435369
436660
436673
436704
438411
439189
439355
440251
440580
440639
440681
44090
441953
44275
442943
443736
444057
444087
444142
444400
444817
445112
445253
445479
446145
446181
446185
446530
447026
447153
44723
448266
448543
448845
450108
45065
452130
453089
455368
45604
45641
456648
45688
457027
458888
459078
459140
459183
459888
460088
461737
46301
463232
463596
464233
46545
465959
466589
46715
468042
468174
468533
468697
469160
469424
469900
470685
470932
47214
47275
473231
473564
473680
473839
475764
477084
478394
479142
479144
479207
479342
479907
482095
482113
482184
483732
48442
486103
48652
48794
488035
491384
492422
492662
493806
494268
495999
496087
499188
499730
499985
500605
500978
501434
501503
503241
503629
503744
505039
505240
506318
50655
507479
507489
507788
508526
509839
510378
510728
510844
511755
512965
514036
516554
516844
5172
518700
519033
519359
519855
52234
522776
523912
524897
52495
526542
526703
526745
526786
526836
527837
527964
528763
529807
529835
530072
530591
530607
531929
532061
532931
53368
533796
533900
534101
534969
535550
536219
536250
538029
539108
539393
540552
54283
543272
543345
543856
544034
544352
54474
545154
545213
545372
545913
547844
548070
548543
548584
548608
548683
550261
553640
553906
554221
554823
555235
555841
555936
557357
558739
560558
560771
561348
562317
562686
562842
564761
564844
565512
565687
56572
565955
566184
566631
567094
567571
567769
568105
568312
568441
568689
570260
570641
570810
570876
571691
571788
572551
572970
573056
573875
57503
575099
576234
577644
578016
578231
57912
579936
579943
580050
580077
580190
580300
581437
581555
582127
582736
582965
583201
583431
584035
584094
584706
585205
585357
586665
587285
587640
587968
588291
588392
589686
589712
590446
591325
592056
593663
594368
599066
600874
601009
601163
601786
602458
6025
603262
604003
604185
604825
60586
605895
609055
61197
61318
614376
61487
61652
617039
618498
618589
618678
619054
619165
6202
62352
624155
62591
627877
6279
631046
631307
632791
63482
637140
637657
63832
639845
640201
64021
64027
641015
641318
641373
641783
642261
643403
644290
644876
645027
645412
645489
645496
646052
646413
646443
647075
647972
64810
648803
649695
650876
650904
651113
651461
651704
652017
652394
652447
652720
653011
653770
653983
654740
655102
656827
657218
658159
658205
658494
658495
658710
659140
659143
659448
662009
662649
66274
662850
663011
663101
663277
665711
666572
667571
668396
669950
670934
671537
672380
673039
676103
676382
677127
678159
679182
679467
679898
680211
681085
681970
682126
682890
683885
68454
686444
68648
686843
68698
688900
691006
69380
694215
694717
695025
70316
70480
706965
708155
70881
709586
71184
713153
714084
71801
721345
722419
722574
723146
724872
725820
72601
726352
728325
731228
732551
735224
735293
735781
736317
736690
736876
737127
738009
73861
739624
74151
741783
742111
744729
745987
747023
750045
75084
755764
756697
75710
76435
766771
766832
769169
769746
770099
771676
771932
774881
775521
775705
775785
778470
778974
779283
779544
779605
779749
780527
780607
780617
780671
782105
782271
782672
78314
785074
785663
785935
786253
786450
786627
786761
786779
787142
787353
787808
787924
787951
787968
788002
788100
789407
789450
789899
789990
79045
790670
791441
792530
792827
792835
794736
795045
796005
796656
797224
797233
798037
798639
798648
798762
798777
799090
799319
800337
801173
802239
802770
80292
803111
803202
804617
806393
807633
808455
809352
809820
810757
81232
81302
81688
81936
82012
822054
822606
823990
82702
827214
827772
827844
828464
828734
829685
830878
8316
83184
832903
833661
833751
833892
834024
834660
83565
83657
8412
841918
841926
842063
84397
844946
847443
849482
850399
857982
858404
858677
858801
858843
860
860213
860600
860911
86146
868266
869498
869967
87215
872807
875012
87656
878570
88009
882213
884666
90112
90114
90834
91264
91488
91507
91747
91757
91975
92048
92084
92122
92556
92996
93341
93671
94129
94794
95349
95975
96202
9774
98554
9932
99414
