119951
133027
136557
154263
1578
167690
186646
188348
190268
200029
2005 LB54
2012 DM125
2012 TF367
2013 QB43
2013 WL104
2014 DV6
2015 GV12
2016 YC34
2017 FG91
2018 PN148
2018 SS21
2020 JF40
2020 QG72
2020 QH71
2022 SK203
2023 SD6
2023 YO6
2025 AS17
2025 KC26
2025 KD28
2025 KF29
2025 KK29
2025 MP117
2025 MR312
2025 MZ117
2025 NJ30
211266
228124
249815
250480
274566
296783
312480
321526
334226
358971
365695
395281
433989
440125
483554
537769
539802
573703
576055
582016
585533
588796
590417
590576
598493
600558
605771
608928
60934
629547
637432
637541
646188
649048
656087
657614
706059
762123
764531
779792
780586
781142
791155
803552
809522
811166
811543
814761
832472
870625
872994
