provid,permid,orbit_class,population,ssObjectId,diaSourceId,phaseAngle,helioRange,topoRange,ephRa,ephDec,visit,detector,midpointMjdTai,band,ra,dec,snr,psfFlux,psfFluxErr,psfFlux_flag,trailFlux,trailFluxErr,scienceFlux,scienceFluxErr,forced_PsfFlux_flag,templateFlux,templateFluxErr,psfMag,psfMagErr,trailMag,trailMagErr,scienceMag,scienceMagErr,templateMag,templateMagErr
2010 VO15,485222,MBO,MBO,21164706927555919,745174274956853591,12.869358,3.6460037,2.9600813,269.71607362193697,-23.004172694135654,2025042500450,82,60791.277617615146,i,269.71615706713146,-23.00413181960549,5.70320987701416,1749.43,309.784,False,2100.86,16.4122,452.077,264.024,False,-466.868,29.9766,23.292758542347713,0.19225901603228934,23.094007163841688,0.008481916851128946,24.761968979205673,0.6340964128741412,nan,nan
2010 VO15,485222,MBO,MBO,21164706927555919,745174275339059989,12.869099,3.6460009,2.960059,269.7160059956,-23.004138988163547,2025042500453,43,60791.279216819836,i,269.7160401651039,-23.00412425151289,5.291380405426025,1700.89,316.198,False,1950.88,25.1524,545.279,263.331,False,-1018.49,26.5776,23.32330942110614,0.2018399845932965,23.174423606139424,0.01399823168569703,24.55845308580706,0.5243334109614706,nan,nan
2010 VO15,485222,MBO,MBO,21164706927555919,745174275605922838,12.868926,3.645999,2.960044,269.71596109637466,-23.004116608553243,2025042500455,40,60791.28027748602,i,269.7160319996286,-23.004037463458772,6.164190292358398,2071.43,331.415,False,nan,nan,807.81,274.492,False,-617.321,47.7162,23.109324381495313,0.17371056972825172,nan,nan,24.131726940623476,0.3689306990362583,nan,nan
2010 VO15,485222,MBO,MBO,21164706927555919,745200690995396694,11.827441,3.6348736,2.8789346,269.3939670335479,-22.869279122847143,2025050100657,37,60797.28570343807,g,269.3939487436318,-22.8692582586127,11.596570014953613,1901.09,157.125,False,nan,nan,4435.79,156.87,False,2499.16,8.22106,23.202493326017866,0.0897360483931698,nan,nan,22.282572546655807,0.0383966399759891,22.905514885169318,0.0035715610762710763
2010 VO15,485222,MBO,MBO,21164706927555919,745200691381797124,11.827154,3.6348708,2.878915,269.3938567942928,-22.869245504771538,2025050100660,6,60797.28719301775,g,269.3938706097896,-22.869202546413415,11.737513542175293,1733.17,138.125,False,nan,nan,4795.15,137.193,False,2976.93,10.9487,23.302897064761247,0.08652775519985194,nan,nan,22.197994529240006,0.03106376291689057,22.71557846818664,0.003993174244940849
2010 VO15,485222,MBO,MBO,21164706927555919,745200692052361442,11.826673,3.6348662,2.8788824,269.3936715359276,-22.86918897554666,2025050100665,5,60797.28969674934,g,269.39356395506127,-22.869148807214074,10.79538631439209,2083.47,198.078,False,nan,nan,40413.4,196.35,False,38101.1,6.95221,23.103031886747154,0.10322225046246786,nan,nan,19.883686568486606,0.005275089912588265,19.947656170023585,0.0001981114911563045
2010 VO15,485222,MBO,MBO,21164706927555919,745200692993458263,11.825984,3.6348596,2.8788357,269.3934069324536,-22.86910815996873,2025050100672,8,60797.2932699156,g,269.39343892716647,-22.869127972404574,8.508427619934082,2793.45,312.27,False,3428.9,49.662,115401.0,315.83,False,112388.0,7.32305,22.784647763171026,0.12137064871677247,22.56211298194454,0.015725110553780494,18.74447606953217,0.0029714478294796637,18.773200143002768,7.074510213079864e-05
2010 VO15,485222,MBO,MBO,21164706927555919,745200693394538764,11.82569,3.6348567,2.878816,269.39329409298927,-22.86907366874438,2025050100675,5,60797.29479243902,g,269.3933606419229,-22.86909139410204,8.28211784362793,2508.98,309.015,False,2851.48,13.5825,127787.0,307.255,False,125090.0,10.7943,22.90125700993252,0.1337231830582361,22.762324182854098,0.0051717047284735446,18.633783313711554,0.002610577624440713,18.656943518700245,9.369064194715149e-05
2010 VO15,485222,MBO,MBO,21164706927555919,745200694081880341,11.825193,3.634852,2.8787823,269.3931030206783,-22.86901522571778,2025050100680,36,60797.29737012891,g,269.39334605786064,-22.869064973921205,8.97338581085205,2445.04,251.182,False,2785.98,13.4147,104299.0,246.437,False,101899.0,15.7962,22.92928506159474,0.111539031855752,22.787555021649474,0.005227900086978128,18.85429963872667,0.002565370418205645,18.87957519495481,0.0001683088746593755
2010 VO15,485222,MBO,MBO,21164706927555919,745200694350839900,11.824994,3.63485,2.878769,269.3930262868284,-22.868991741329804,2025050100682,37,60797.29840548485,g,269.3932797759967,-22.86911466753297,5.46590518951416,1930.41,360.84,False,2126.23,35.2958,175039.0,353.122,False,173145.0,10.5169,23.185876084128274,0.20295017183503256,23.080974406156116,0.01802341584845067,18.29216294117348,0.0021903538649635118,18.30397511321386,6.594807334745762e-05
2010 VO15,485222,MBO,MBO,21164706927555919,745200696078893234,11.823707,3.6348374,2.8786817,269.3925308084937,-22.86883990202538,2025050100695,5,60797.30508495514,g,269.3925684362036,-22.868818261116715,10.571415901184082,1517.31,145.033,False,1516.02,4.03442,13455.8,144.311,False,11848.7,7.21462,23.44731415782716,0.10378075546374327,23.448237659169962,0.002889352262731764,21.077726207322282,0.011644323247633457,21.215823223072448,0.0006610998785979882
2010 VO15,485222,MBO,MBO,21164706927555919,745200696368824551,11.823491,3.6348355,2.878667,269.3924478213306,-22.86881443615338,2025050100697,46,60797.306202946434,g,269.39251067539067,-22.86876812283949,11.154767990112305,1416.52,127.17,False,1449.58,5.09856,5948.62,123.298,False,4587.58,9.6309,23.521943208152692,0.09747343437951525,23.496894561990704,0.003818824208429597,21.96395941130543,0.022504227225772232,22.246040854705612,0.002279331815938788
2010 VO15,485222,MBO,MBO,21164706927555919,745200696771477578,11.823191,3.6348324,2.8786469,269.39233230007574,-22.86877896978921,2025050100700,46,60797.30775836383,g,269.3923108575006,-22.868714111597697,8.99106216430664,1397.33,156.565,False,1494.66,4.71852,5809.83,153.412,False,4495.5,5.55416,23.53675257602849,0.12165222023052859,23.463643944886922,0.003427580893523716,21.989591423418247,0.02866950722961054,22.26805499499668,0.0013414198036365576
2010 VO15,485222,MBO,MBO,21164706927555919,745200697023660066,11.822981,3.6348305,2.8786328,269.3922515836434,-22.86875417710383,2025050100702,15,60797.30884537083,g,269.392249541706,-22.86876263556514,10.153843879699707,1574.93,153.956,False,1679.88,1.97918,4367.17,154.382,False,2649.08,6.0061,23.406846823673128,0.10613525080304428,23.336804347885412,0.0012791790794601117,22.299499774549187,0.03838140806749861,22.842262283416826,0.002461624496085119
2010 VO15,485222,MBO,MBO,21164706927555919,745200697424740605,11.822682,3.6348276,2.8786128,269.3921366888453,-22.868718869321675,2025050100705,12,60797.31039287135,g,269.39211881406794,-22.8687637929079,7.051938056945801,1004.45,142.824,False,1187.73,8.41937,2119.04,141.514,False,1016.94,6.19454,23.89517917905349,0.15438219064198863,23.71320570251442,0.007696374304106094,23.08465209314559,0.07250777647663502,23.8817616722095,0.006613601942612627
2010 VO15,485222,MBO,MBO,21164706927555919,745205077364441702,11.6508875,3.6331377,2.8669577,269.3278148418989,-22.84769662167485,2025050200570,36,60798.2141952809,r,269.32777511173214,-22.847655509585117,5.907629489898682,1430.97,236.769,False,1360.42,28.6988,1687.5,226.16,False,232.494,11.6861,23.510923699833207,0.17964644798921392,23.565817444879166,0.022904194473452242,23.33189054624234,0.14551117276692344,25.483970610903746,0.05457354464709594
2010 VO15,485222,MBO,MBO,21164706927555919,745205077767094509,11.650587,3.6331348,2.8669379,269.3276958725942,-22.8476628070712,2025050200573,36,60798.21572671798,r,269.3276097191004,-22.84764245289243,5.262493133544922,1266.2,235.616,False,1295.65,13.9003,1566.66,224.583,False,166.997,14.6105,23.643744268905316,0.20203508811363963,23.61878073110128,0.011648252777202321,23.41256308843634,0.1556418627326281,25.843228365437984,0.09499062709075208
2010 VO15,485222,MBO,MBO,21164706927555919,745205078035530014,11.650393,3.633133,2.866925,269.32761883226624,-22.847640908305465,2025050200575,36,60798.21671767479,r,269.3276585742842,-22.847612415892538,6.40533971786499,1436.23,220.811,False,1538.37,9.87985,1614.77,208.603,False,130.088,15.3423,23.506940029671323,0.1669248695581297,23.432347998279432,0.006972907231309311,23.37972330618164,0.14026011341290998,26.114406929379115,0.12804940773272894
2010 VO15,485222,MBO,MBO,21164706927555919,745205078422455035,11.650101,3.63313,2.8669057,269.32750287375654,-22.847607944399837,2025050200578,6,60798.21820840134,r,269.3275396060481,-22.847602621650733,6.210663795471191,1346.69,217.947,False,1505.48,6.74848,1577.25,209.052,False,125.982,16.9135,23.576830959164436,0.17571450420923582,23.4558125381558,0.004866932133163141,23.405248659804947,0.14390573922819783,26.14922873399574,0.14576367090347186
2010 VO15,485222,MBO,MBO,21164706927555919,745205079092494848,11.647622,3.6331065,2.8667421,269.32651945005495,-22.84732821738163,2025050200583,4,60798.230824741775,r,269.326570995495,-22.847291945356066,8.01430606842041,1825.12,224.802,False,1642.12,1.19874,1818.86,214.302,False,-2.55498,15.8863,23.246771442396735,0.13373130154488494,23.361487776821647,0.0007925824104973561,23.25050182838528,0.127923778711137,nan,nan
2010 VO15,485222,MBO,MBO,21164706927555919,745205079382950291,11.64743,3.6331046,2.8667295,269.3264432079983,-22.84730651563548,2025050200585,46,60798.23180048079,r,269.32648725643645,-22.847250354017948,7.483968257904053,1801.14,234.794,False,1978.51,17.8639,2070.82,221.584,False,-20.845,18.8486,23.261131313140435,0.1415350007654007,23.15915437047621,0.00980307507036497,23.109644087282838,0.11617705201597735,nan,nan
2010 VO15,485222,MBO,MBO,21164706927555919,745205079785078840,11.647133,3.6331017,2.86671,269.3263248944551,-22.847272833370244,2025050200588,45,60798.233314468176,r,269.32635444813667,-22.84723445904951,7.025019645690918,1503.77,213.972,False,1665.85,7.06533,1424.53,199.108,False,-19.3006,24.9276,23.45704644474275,0.15448981181940288,23.3459102829968,0.004604907238327925,23.51582097834545,0.15175444649572617,nan,nan
2010 VO15,485222,MBO,MBO,21164706927555919,745205080034115746,11.64693,3.6330998,2.8666966,269.3262439038368,-22.84724977267428,2025050200590,8,60798.2343500782,r,269.32626982739896,-22.84715924941236,6.167483329772949,1545.67,246.376,False,1962.1,4.24825,1628.51,233.237,False,-32.8569,13.5266,23.42720802473075,0.17306368323461568,23.168197169073267,0.0023507868597622394,23.370523919163773,0.15550033659017706,nan,nan
2010 VO15,485222,MBO,MBO,21164706927555919,745205080434672158,11.64663,3.633097,2.866677,269.3261249524802,-22.847215897538145,2025050200593,4,60798.23587132639,r,269.32619729689117,-22.847185194703595,7.275832653045654,1696.47,235.509,False,1770.52,10.8227,1505.46,224.16,False,-12.1804,17.3858,23.326134558546055,0.1507251263965487,23.279747895615706,0.0066368053462091455,23.45582697612554,0.16166396845460243,nan,nan
2010 VO15,485222,MBO,MBO,21164706927555919,745205080721457617,11.646412,3.633095,2.8666625,269.3260379536329,-22.847191117386373,2025050200595,39,60798.236983230774,r,269.32618700351117,-22.84716232866734,7.39469051361084,1935.64,294.197,False,2504.33,15.8098,2039.11,286.367,False,8.29904,10.7819,23.182938521221786,0.1650205213811757,22.90327107597349,0.006854237211229304,23.126398371622514,0.15247780980566747,29.102430376291004,1.4105607216580716
2010 VO15,485222,MBO,MBO,21164706927555919,745205081124110506,11.6461115,3.6330922,2.8666427,269.3259186755593,-22.847157136632188,2025050200598,39,60798.23850791353,r,269.3259286811172,-22.847153951981852,9.285623550415039,2036.48,216.131,False,1944.24,11.8946,2264.65,206.536,False,-38.9574,26.298,23.127799637176835,0.11522885093036342,23.178125320744574,0.006642388713948799,23.01249731771746,0.09901910562423408,nan,nan
2010 VO15,485222,MBO,MBO,21164706927555919,745205081390973546,11.645911,3.6330903,2.8666296,269.3258388144327,-22.847134380971625,2025050200600,36,60798.23952718892,r,269.32583916461346,-22.847124892642107,6.904895782470703,1467.01,210.628,False,1451.65,24.8469,1379.56,200.174,False,-31.6462,17.3952,23.483917307124674,0.15588608823916805,23.495345185649885,0.018583804272949415,23.55064846984294,0.15754019067433822,nan,nan
2010 VO15,485222,MBO,MBO,21164706927555919,745205081793626346,11.645612,3.6330874,2.86661,269.3257196840845,-22.84710042933081,2025050200603,36,60798.24104826262,r,269.325710690711,-22.847068271954893,9.904911994934082,2226.54,219.434,False,2362.18,6.9999,2261.43,208.478,False,73.3008,17.3198,23.030923726755702,0.10700344049703706,22.966717561109384,0.003217386029929325,23.014042159827497,0.10009247064551365,26.737228265392663,0.25654200484276785
2010 VO15,485222,MBO,MBO,21164706927555919,745205082062061845,11.6454115,3.6330855,2.8665967,269.3256399218913,-22.847077692905835,2025050200605,36,60798.24206623793,r,269.32564545148557,-22.8470203776918,9.540830612182617,2034.95,211.992,False,1862.32,3.49688,2220.85,202.096,False,129.317,24.244,23.128615669041828,0.11310715241809245,23.224864263043926,0.002038687974321658,23.033701885886554,0.09880132689450924,26.120860936368835,0.2035508688846379
2010 VO15,485222,MBO,MBO,21164706927555919,745205082197853017,11.644754,3.633079,2.8665535,269.32537798905395,-22.847003001454528,2025050200606,39,60798.24540768642,i,269.3253947062152,-22.84697140489993,7.410391807556152,2255.78,301.138,False,2333.66,7.53722,3639.2,257.697,False,1871.01,25.8263,23.01675813131423,0.14494162795674287,22.979906085225217,0.0035066946113649854,22.497485205012865,0.0768825447087026,23.21980972262578,0.014986851185951907
2010 VO15,485222,MBO,MBO,21164706927555919,745205082600505618,11.644455,3.6330764,2.866534,269.32525882067563,-22.84696900580142,2025050200609,39,60798.246926634034,i,269.3253187657973,-22.846954731448314,8.796754837036133,2676.87,302.656,False,2639.06,3.03034,3667.77,241.705,False,1248.32,50.5533,22.83093175111111,0.12275701426047002,22.846376815451144,0.001246712742496443,22.488994759372424,0.07154970730488847,23.65918522513627,0.04396913395748814
2010 VO15,485222,MBO,MBO,21164706927555919,745205082867368796,11.644264,3.6330745,2.8665214,269.32518285377057,-22.84694732958384,2025050200611,36,60798.24789400512,i,269.32520469831155,-22.846931859748572,5.977425575256348,1964.36,321.297,False,1992.17,33.8217,2918.54,277.738,False,1295.13,22.8956,23.166947302923585,0.17758648353696338,23.151683986573843,0.018432887015786808,22.737085860711836,0.10332227934448023,23.619216587510124,0.019193888695923998
2010 VO15,485222,MBO,MBO,21164706927555919,745205083270021461,11.6439705,3.6330717,2.8665023,269.32506580431766,-22.846913923414284,2025050200614,36,60798.249385443574,i,269.32504369969587,-22.846894723880823,9.322906494140625,2837.91,298.961,False,2497.79,7.34074,3219.88,253.264,False,434.157,50.8381,22.767503487748485,0.11437740801257373,22.906110176622985,0.0031908636372186866,22.630400823248564,0.08540004981145974,24.80588294856163,0.12713549378808553
2010 VO15,485222,MBO,MBO,21164706927555919,745205083538456977,11.643774,3.6330698,2.8664894,269.324987510083,-22.84689157283792,2025050200616,36,60798.25038252016,i,269.3249548515012,-22.846856948774562,7.706585884094238,2391.36,304.522,False,2714.76,4.51323,2995.46,262.98,False,652.208,33.8868,22.953387549787642,0.13826046648731125,22.815671392205587,0.0018050129763243323,22.708841202669532,0.09531989169575969,24.364034683069896,0.056411641598184556
2010 VO15,485222,MBO,MBO,21164706927555919,745205083925382231,11.6434765,3.633067,2.8664699,269.32486857689145,-22.84685761287154,2025050200619,6,60798.25189675487,i,269.32490739006766,-22.846853957670355,9.367643356323242,3160.91,329.465,False,3038.33,7.40877,3299.28,283.209,False,597.685,37.4352,22.650469704114524,0.11316743743760789,22.693412617557904,0.0026474970482158948,22.60395205440948,0.09319920657001249,24.458819113047923,0.06800363377604136
2010 VO15,485222,MBO,MBO,21164706927555919,745205084595421863,11.642975,3.6330621,2.866437,269.32466854830784,-22.846800473991163,2025050200624,4,60798.254441514364,i,269.3246833177405,-22.846754699121412,7.626072406768799,2256.19,296.69,False,2368.3,8.0518,2160.45,256.545,False,166.137,27.4036,23.016560853219723,0.1427748042523563,22.963908190160687,0.003691310369480154,23.063639475177347,0.12892694370335464,25.848834133136712,0.17908763606759415
2010 VO15,485222,MBO,MBO,21164706927555919,745205084885877358,11.642775,3.6330605,2.8664238,269.3245885793484,-22.846777622224312,2025050200626,46,60798.25545830458,i,269.3246369620022,-22.846756068322353,7.89792537689209,2490.7,312.08,False,2262.56,8.63448,3174.88,271.462,False,76.3101,36.4394,22.909196469395468,0.13604069010501124,23.01349970956693,0.0041434339065938575,22.64568175248003,0.0928337885500158,26.693544989690878,0.5184579399663797
2010 VO15,485222,MBO,MBO,21164706927555919,745205085288005704,11.642476,3.6330576,2.8664043,269.3244694138738,-22.846743560634582,2025050200629,45,60798.25697328927,i,269.3244673331426,-22.84669741992535,9.901922225952148,3314.5,331.18,False,3212.09,2.56476,1806.06,229.14,False,47.1772,50.5569,22.598954941616128,0.10848517373348252,22.633030706953875,0.0008669285977152039,23.258169529460808,0.13775045415118065,27.215669588616983,1.1635166221726454
2010 VO15,485222,MBO,MBO,21164706927555919,745205085537042725,11.642275,3.6330557,2.866391,269.324389237225,-22.846720637136944,2025050200631,8,60798.25799239427,i,269.3244032218456,-22.846660760694878,8.81619644165039,2955.99,327.339,False,2986.35,3.27169,2947.18,267.494,False,469.438,37.2071,22.72324260227738,0.12023173049985875,22.712148200362428,0.0011894761331140609,22.72648337183329,0.09854434208411338,24.721054422370997,0.0860541678767551
2010 VO15,485222,MBO,MBO,21164706927555919,745205085937599374,11.641974,3.6330528,2.8663714,269.3242691317083,-22.846686287858155,2025050200634,4,60798.25951848018,i,269.3242914556824,-22.846634012518262,9.480928421020508,2792.59,289.119,False,2992.82,40.8052,3539.36,246.887,False,1485.52,27.4107,22.784982019530254,0.11240709983040542,22.709798481594497,0.014803322794490283,22.52768812101997,0.07573520045758288,23.470303727686186,0.02003391999265749
2010 VO15,485222,MBO,MBO,21164706927555919,745205086224384701,11.641753,3.6330507,2.8663568,269.32418095278814,-22.84666106185717,2025050200636,39,60798.26063821534,i,269.324163805631,-22.846647749597516,7.151556491851807,2623.55,356.805,False,2721.7,11.9432,5831.6,309.579,False,3503.73,40.9175,22.85277661614023,0.14766102852110452,22.812899386234502,0.004764362344946693,21.98553066360104,0.05763789247755015,22.53867342671581,0.012679518943761939
2010 VO15,485222,MBO,MBO,21164706927555919,745205086627037364,11.641458,3.6330478,2.8663375,269.3240626616447,-22.846627211253814,2025050200639,39,60798.262140259765,i,269.32409926171607,-22.84658239854896,9.825851440429688,3280.87,328.842,False,3156.01,7.81653,6646.84,267.272,False,3824.81,41.4036,22.610027405218418,0.10882347172866702,22.65215407007362,0.0026890567005483745,21.84346196366852,0.04365787309241648,22.44347531797711,0.01175310290443984
2010 VO15,485222,MBO,MBO,21164706927555919,745205086893900771,11.641257,3.633046,2.8663244,269.32398254335595,-22.8466042775834,2025050200641,36,60798.26315710985,i,269.3240300150385,-22.846581062674062,8.425308227539062,2727.3,323.75,False,2785.8,10.1731,6463.64,286.354,False,4140.0,32.169,22.8106676993502,0.12888464415254974,22.787625145845205,0.00396485867720196,21.873807077283796,0.0481005908191381,22.35749914719775,0.008436484680974542
2010 VO15,485222,MBO,MBO,21164706927555919,745205087296553198,11.640967,3.6330433,2.8663054,269.32386670479366,-22.846571109250107,2025050200644,36,60798.26462777427,i,269.32394803629546,-22.846629243343937,9.933889389038086,3232.45,330.436,False,3540.25,23.1875,6333.95,277.629,False,3618.0,31.2962,22.626170476713003,0.1109889832824066,22.52741517135725,0.007111223288702528,21.895813389663974,0.0475898681091969,22.50382859369051,0.009391768157177089
2010 VO15,485222,MBO,MBO,21164706927555919,745205087564988747,11.640774,3.6330414,2.8662927,269.3237894574206,-22.84654898426532,2025050200646,36,60798.265607206486,i,269.32384921600465,-22.846550615388075,9.147835731506348,2868.36,312.3,False,2597.18,14.934,4850.43,262.359,False,2221.34,34.3386,22.755915815522563,0.11821228534555031,22.863744903928563,0.006243073227576643,22.18554935726583,0.05872730132453885,23.03346236433643,0.01678386016452256
2010 VO15,485222,MBO,MBO,21164706927555919,745205087951914170,11.640477,3.6330385,2.8662734,269.3236709519506,-22.84651503185525,2025050200649,6,60798.26711059436,i,269.3236802250835,-22.846499809522516,8.295098304748535,2221.45,262.19,False,2341.67,13.7499,2676.54,229.99,False,594.648,128.844,23.03340866720422,0.12814566361312188,22.976185806048854,0.006375264060446106,22.831065638768024,0.09329525135141023,24.464350074917284,0.23524940265820374
2010 VO15,485222,MBO,MBO,21164706927555919,745205088221397159,11.640276,3.6330366,2.8662603,269.3235903487017,-22.846491931315832,2025050200651,8,60798.2681327575,i,269.32361999696184,-22.846463742109567,8.279582977294922,2360.84,283.829,False,2153.82,5.42028,2498.47,232.653,False,403.251,153.965,22.967333572433112,0.13053126033775522,23.0669764519714,0.0027323518340020957,22.905814665019467,0.10110178952519878,24.88606134832379,0.41454421155681015
2010 VO15,485222,MBO,MBO,21164706927555919,745205088621953856,11.6399765,3.6330338,2.8662407,269.3234707512181,-22.846457644101317,2025050200654,4,60798.269648646004,i,269.32348212242664,-22.84645352026759,7.587756633758545,2189.4,284.765,False,2138.91,17.2305,1973.85,239.853,False,111.819,36.4501,23.049187264057572,0.14121663471406531,23.07451876729688,0.008746407118389829,23.161714648481038,0.1319335743318621,26.27871098754433,0.3539219013853308
2010 VO15,485222,MBO,MBO,21164706927555919,745205088912409207,11.639774,3.6330318,2.8662274,269.3233897086492,-22.846434402480018,2025050200656,46,60798.27067534243,i,269.32341421509705,-22.846383079652544,10.010825157165527,2693.88,267.37,False,2645.47,14.6972,2504.95,222.54,False,-129.736,117.657,22.824054432255217,0.10776029236376304,22.843742909684323,0.006031927079669647,22.903002367253336,0.09645690829245909,nan,nan
2010 VO15,485222,MBO,MBO,21164706927555919,745205089314537530,11.63948,3.633029,2.8662083,269.3232720192855,-22.84640063998363,2025050200659,45,60798.27216639025,i,269.3232847819667,-22.846378114946123,8.668916702270508,2520.07,294.632,False,2206.25,9.84178,2176.42,240.294,False,-166.577,168.557,22.896468459674328,0.12693798519267202,23.040863193170253,0.004843320815485881,23.055643268575892,0.11987388088842095,nan,nan
2010 VO15,485222,MBO,MBO,21164706927555919,745205089563574567,11.639276,3.633027,2.866195,269.3231903016647,-22.84637718906953,2025050200661,8,60798.273201278425,i,269.3231985859134,-22.846328534667236,10.179340362548828,2870.0,285.005,False,2810.96,12.7516,2518.27,235.406,False,-214.225,50.1846,22.755295258165017,0.10781890325384565,22.777863351000736,0.004925318848099999,22.897244262114057,0.10149381178218649,nan,nan
2010 VO15,485222,MBO,MBO,21164706927555919,745205089964655419,11.638977,3.6330242,2.8661754,269.3230708913338,-22.846342909420265,2025050200664,5,60798.27471389872,i,269.3230831151428,-22.846298596720267,9.851597785949707,2427.71,241.957,False,2622.87,4.98653,1937.11,196.08,False,-313.539,95.5805,22.937007999396045,0.10820958018742617,22.8530580371396,0.0020641723484248263,23.18211430045414,0.10990142977265133,nan,nan
2010 VO15,485222,MBO,MBO,21164706927555919,745205090250916307,11.638762,3.6330223,2.8661613,269.3229849435652,-22.84631822716458,2025050200666,39,60798.27580196324,i,269.3229909073498,-22.846274990279046,8.204691886901855,2520.42,298.933,False,2596.62,8.88104,1660.71,255.981,False,-291.074,29.6655,22.896317740744372,0.12877314339137355,22.863978956382002,0.003713468206958126,23.349265523572377,0.16735483559189782,nan,nan
2010 VO15,485222,MBO,MBO,21164706927555919,745205090385133676,11.638076,3.6330156,2.8661165,269.3227099906052,-22.846239215931384,2025050200667,39,60798.27928058784,g,269.32271008120046,-22.846217265499934,9.925480842590332,1721.33,174.342,False,1820.41,0.428274,1553.16,175.214,False,-110.178,4.51898,23.310339683044006,0.10996695640787292,23.249576948272193,0.0002554328886140906,23.421959483054057,0.12248331408089787,nan,nan
2010 VO15,485222,MBO,MBO,21164706927555919,745205090786214375,11.637786,3.633013,2.8660977,269.32259399450925,-22.846205859149293,2025050200670,36,60798.2807476119,g,269.32262339108576,-22.846175171897286,12.35963249206543,1825.45,145.621,False,1727.78,0.702424,1806.6,144.927,False,-72.4779,6.54452,23.24657517428474,0.08661206742876511,23.306278875336645,0.0004414029238996012,23.257844999931432,0.0870986910184838,nan,nan
2010 VO15,485222,MBO,MBO,21164706927555919,745205091054649478,11.6375885,3.633011,2.8660848,269.3225149847758,-22.846183130192653,2025050200672,36,60798.281746804816,g,269.3225233789815,-22.846151931941957,10.22873592376709,1478.88,140.791,False,1535.46,12.206,1437.91,141.161,False,-51.6458,6.6902,23.47516765718391,0.10336327889822486,23.434403759629323,0.008630961932330117,23.505670714092844,0.10658775573776404,nan,nan
2010 VO15,485222,MBO,MBO,21164706927555919,745205091725737994,11.637097,3.6330066,2.8660529,269.3223181478896,-22.84612647588185,2025050200677,36,60798.28423487743,g,269.32237038866424,-22.846098544357083,11.24488639831543,1920.73,167.795,False,1982.61,7.17897,1593.04,165.866,False,-59.8153,5.3942,23.191334211785,0.09484993015253869,23.156906777104915,0.003931417448485592,23.39443327153706,0.11304594611984581,nan,nan
2010 VO15,485222,MBO,MBO,21164706927555919,745205092112662734,11.636801,3.6330037,2.8660336,269.3221993539133,-22.84609226331196,2025050200680,6,60798.28573578752,g,269.322237856506,-22.84608085806286,8.671502113342285,1574.47,181.275,False,1604.52,3.68279,1444.04,181.262,False,-56.7396,4.50351,23.40716404522546,0.125005130331465,23.38663714965006,0.0024920464894989504,23.501051912167277,0.1362861856085956,nan,nan
2010 VO15,485222,MBO,MBO,21164706927555919,745205092783227099,11.6363,3.632999,2.866001,269.3219986543048,-22.846034425524827,2025050200685,5,60798.28827062243,g,269.3220282813684,-22.845993915167853,10.45935344696045,1620.29,155.099,False,1671.24,0.792666,1561.95,154.974,False,-47.0478,6.06462,23.376018094677683,0.10392991038747985,23.34240295224037,0.0005149626618935429,23.415832215324315,0.10772488670949859,nan,nan
2010 VO15,485222,MBO,MBO,21164706927555919,745205093073158317,11.636095,3.632997,2.8659875,269.32191636983055,-22.84601069925055,2025050200687,46,60798.28930930965,g,269.32194188432305,-22.845992756954065,11.36538314819336,1683.49,144.05,False,1533.96,0.518435,1651.19,144.243,False,-64.0487,6.96384,23.334473653786553,0.09290242562537511,23.435464940229068,0.0003669480724000115,23.35550741411759,0.09484665534052845,nan,nan
2010 VO15,485222,MBO,MBO,21164706927555919,745205093724323870,11.63559,3.6329923,2.8659546,269.32171372581365,-22.845952233919217,2025050200692,8,60798.291867817105,g,269.32177142260844,-22.845950581302027,8.91563892364502,1956.03,217.951,False,1968.03,14.6466,1824.99,220.057,False,-102.719,3.93376,23.171561205341106,0.12097835533843782,23.16492069786836,0.008080335873802651,23.246848783084378,0.13091790130958506,nan,nan
2010 VO15,485222,MBO,MBO,21164706927555919,745205094125404371,11.635288,3.6329894,2.8659348,269.3215929547432,-22.845917366553497,2025050200695,5,60798.2933918022,g,269.3216018008048,-22.845859499552173,9.784380912780762,1711.06,173.055,False,1635.2,17.2671,1642.07,173.228,False,-65.5687,4.91577,23.31683686589288,0.10981033074705128,23.366072836284236,0.011464967898954856,23.36152086858898,0.11453830469094549,nan,nan
2010 VO15,485222,MBO,MBO,21164706927555919,745209479841710287,11.449065,3.6312008,2.8538046,269.2485425739879,-22.823563873926545,2025050300603,39,60799.24734745916,g,269.2485431701863,-22.823518285213947,10.447348594665527,1582.29,150.544,False,1600.7,4.81924,1791.49,149.978,False,141.358,5.77519,23.401784764771243,0.10330032678321864,23.389225170768206,0.003268834640003826,23.266964035166836,0.0908944744089646,26.024199007028827,0.044357819596507385
2010 VO15,485222,MBO,MBO,21164706927555919,745209480240693288,11.448754,3.631198,2.853785,269.24841357104845,-22.82352895174137,2025050300606,32,60799.248889826464,g,269.24845989159263,-22.823529999695516,8.576708793640137,1324.97,157.418,False,1415.22,17.5498,1556.03,156.488,False,135.068,7.28086,23.59448491130985,0.12899493940583326,23.522940128904374,0.013463952310135157,23.419955064908102,0.10919114102439122,26.073618882054046,0.0585267690832671
2010 VO15,485222,MBO,MBO,21164706927555919,745209480511226068,11.448546,3.631196,2.853772,269.2483274584694,-22.823505634052047,2025050300608,36,60799.2499180488,g,269.24838424073533,-22.823466704105638,10.202593803405762,1377.96,134.952,False,1336.39,0.492864,1596.08,135.906,False,127.493,7.11688,23.551908503597346,0.10633274692437562,23.585166945049753,0.0004004222545551532,23.392363390853628,0.0924503001530946,26.136284180984234,0.06060767606975273
2010 VO15,485222,MBO,MBO,21164706927555919,745209480913879069,11.448241,3.6311932,2.8537526,269.2482008870492,-22.823471351518187,2025050300611,36,60799.251430186465,g,269.2482345129155,-22.823431678220352,10.450565338134766,1463.73,138.404,False,1481.85,0.921271,1715.55,138.858,False,216.401,6.48199,23.486347579382908,0.10266254243817707,23.472989406669804,0.0006750057859759915,23.313991518687516,0.08788036226561582,25.56185183676034,0.03252171218570202
2010 VO15,485222,MBO,MBO,21164706927555919,745209481182314536,11.448043,3.6311913,2.8537402,269.24811865818447,-22.823449073328653,2025050300613,36,60799.25241213998,g,269.248140417873,-22.823436784682087,10.311542510986328,1352.85,129.913,False,1367.49,4.11219,1623.19,129.125,False,255.999,18.7264,23.57187590463993,0.10426229368928244,23.560189609838954,0.0032649257733014833,23.37407664301295,0.08637047572999064,25.37940435791355,0.07942191740844573
2010 VO15,485222,MBO,MBO,21164706927555919,745209482239279291,11.44723,3.6311836,2.853689,269.2477815910848,-22.82335770039696,2025050300621,4,60799.25643550264,g,269.2478061611107,-22.82332268853777,7.963264465332031,1096.78,137.276,False,1204.2,6.59599,1635.1,138.005,False,537.013,17.1267,23.79970116497818,0.13589372556338075,23.69825348684681,0.005947106490693811,23.366139219867215,0.09163784017879267,24.575038000965357,0.034626866838227924
2010 VO15,485222,MBO,MBO,21164706927555919,745209482529210446,11.447028,3.631182,2.8536763,269.247697422561,-22.823334870450044,2025050300623,45,60799.25743949089,g,269.2476857250004,-22.823321389059007,10.048542022705078,1216.62,119.956,False,1117.63,1.31811,1761.59,120.147,False,560.679,24.9547,23.68711262549052,0.10705115327078836,23.779254868209733,0.0012804950930439738,23.285237930367227,0.07405125697243053,24.528214243589787,0.04832394471789489
2010 VO15,485222,MBO,MBO,21164706927555919,745209488832725091,11.441751,3.6311328,2.8533447,269.2455030144813,-22.82273749914337,2025050300670,36,60799.28354200022,r,269.2455172022234,-22.822683127821062,5.852111339569092,1171.82,195.656,False,1109.78,28.9712,1840.15,190.005,False,734.896,84.8788,23.727847784660757,0.18128280706658162,23.78690773665876,0.028343528382881046,23.237866920575172,0.11210787715648506,24.234435296910547,0.12540003763335478
2010 VO15,485222,MBO,MBO,21164706927555919,745209489219650059,11.441458,3.6311302,2.8533263,269.2453810605515,-22.8227041646082,2025050300673,6,60799.284989497326,r,269.2452976415637,-22.82254087816974,6.428487777709961,189.462,198.974,False,-1493.19,28.2799,829.718,191.094,False,608.946,75.5745,25.706194674082152,1.1402458970268805,nan,nan,24.10267369742504,0.2500580481015993,24.438553073591677,0.13474753771972484
2010 VO15,485222,MBO,MBO,21164706927555919,745209489488085552,11.441254,3.6311283,2.8533134,269.24529625750483,-22.822680975538173,2025050300675,6,60799.2859955794,r,269.24532660251845,-22.822676200722256,6.475874423980713,1371.27,205.146,False,1651.73,12.6031,2007.58,199.63,False,606.933,79.4201,23.557192547479296,0.16242930425642418,23.355152370712823,0.00828443022274526,23.14331787255552,0.10796358232389495,24.442148151006485,0.14207379964200917
2010 VO15,485222,MBO,MBO,21164706927555919,745209489890738316,11.440964,3.6311255,2.8532953,269.245175436061,-22.822647924114342,2025050300678,6,60799.28742895018,r,269.2452424436006,-22.822652164555013,6.008078098297119,1215.74,203.084,False,1160.3,11.9572,1816.1,198.268,False,579.959,72.4163,23.68789824374528,0.1813674410487916,23.73857422369963,0.011188799841314274,23.25215061854314,0.11853243465141458,24.49150679837486,0.1355699257646453
2010 VO15,485222,MBO,MBO,21164706927555919,745209490158649739,11.440762,3.6311238,2.8532827,269.24509119068006,-22.822624868974486,2025050300680,5,60799.288427974236,r,269.2450534147747,-22.822569446381163,5.338039398193359,1038.27,197.422,False,1575.22,15.3783,1683.42,190.154,False,662.163,61.8122,23.859224215587034,0.2064474614529117,23.40664697707964,0.010599647716959234,23.334518765308786,0.12264145872368219,24.34758768463645,0.10135229457710958
2010 VO15,485222,MBO,MBO,21164706927555919,745209490561302660,11.440459,3.631121,2.8532639,269.2449652624132,-22.82259039218957,2025050300683,5,60799.2899207585,r,269.24504457668144,-22.822546679944786,5.986319541931152,1241.47,205.348,False,1246.75,37.4919,1841.02,198.144,False,672.644,63.3949,23.665159452286538,0.1795885291273155,23.660551557774,0.03264994163441774,23.23735372221541,0.11685484634873164,24.330536847584042,0.10232774151069293
2010 VO15,485222,MBO,MBO,21164706927555919,745209490851233961,11.440253,3.631119,2.853251,269.2448794665572,-22.82256689289514,2025050300685,46,60799.29093749254,r,269.2449558777427,-22.82254044679028,5.592319011688232,999.063,181.569,False,1067.32,16.2423,1595.69,175.129,False,644.455,72.8625,23.901017824478565,0.19732092924986286,23.829263435788917,0.016522555636952707,23.392628731426356,0.11916092749814888,24.37701847743449,0.1227540409101423
2010 VO15,485222,MBO,MBO,21164706927555919,745209491238158845,11.439949,3.6311162,2.853232,269.24475264729165,-22.82253214235693,2025050300688,16,60799.292440567035,r,269.24478632217347,-22.82251580488399,6.79596471786499,1293.45,190.433,False,1258.09,16.4345,1902.05,186.253,False,618.4,67.9029,23.62062592809608,0.15985156676180712,23.65072075362138,0.014183032899259809,23.201945149038167,0.10631772384942166,24.42182625486011,0.11921836155065064
2010 VO15,485222,MBO,MBO,21164706927555919,745209491500827178,11.439753,3.6311142,2.8532195,269.24467078650696,-22.82250970156289,2025050300690,5,60799.29341032234,r,269.2447105565217,-22.822460706674303,6.160312175750732,1139.18,179.418,False,1480.58,8.8806,1614.97,175.416,False,470.083,60.6625,23.758519069624242,0.1710007271945327,23.473920335874624,0.006512305447630733,23.379588871690054,0.1179312965234518,24.71956361765073,0.140110299180839
2010 VO15,485222,MBO,MBO,21164706927555919,745209492590821453,11.438928,3.6311066,2.853168,269.24432693471533,-22.82241535640732,2025050300698,36,60799.29748316981,r,269.2443432022245,-22.82236720738644,7.273736476898193,1549.37,202.809,False,1581.76,13.283,2771.53,197.239,False,1309.23,83.7044,23.42461214693526,0.14212039788684314,23.40214852134507,0.00911758668222726,22.793201028753778,0.07726761727407566,23.607460145510863,0.06941553276797395
2010 VO15,485222,MBO,MBO,21164706927555919,745209492844052938,11.438725,3.6311047,2.8531554,269.2442427369083,-22.822392233466378,2025050300700,7,60799.29848005946,r,269.2442914981539,-22.822350981519385,5.345109939575195,1153.82,210.909,False,1077.27,33.7339,2944.28,204.804,False,1780.46,29.3556,23.74465489396905,0.19846383678389923,23.81918856604824,0.03399901036785385,22.72755221698883,0.07552376689527716,23.273669470783673,0.017901238342525598
2010 VO15,485222,MBO,MBO,21164706927555919,745209493246705869,11.438428,3.631102,2.8531368,269.24411848941673,-22.822358096503745,2025050300703,7,60799.29995161202,r,269.2441343397889,-22.822292437915273,5.620551586151123,1193.01,208.594,False,1077.01,25.7032,4390.37,206.864,False,3233.99,68.6363,23.70838978108454,0.18983751157131937,23.81945065084099,0.025911452910468265,22.293747165751956,0.05115735724850362,22.62565332161262,0.0230430258456777
2010 VO15,485222,MBO,MBO,21164706927555919,745209493515141292,11.438227,3.6311002,2.8531241,269.24403477186,-22.822335084739947,2025050300705,7,60799.30094215474,r,269.2440491872754,-22.82225857331052,5.090278625488281,1033.18,196.746,False,935.2,22.0472,4434.71,190.602,False,3179.72,77.8798,23.864559966968084,0.206754144120129,23.97273874044358,0.025596067286135657,22.282836946617493,0.04666449426368877,22.644027813665808,0.026592567286529083
2010 VO15,485222,MBO,MBO,21164706927555919,745209494877765714,11.437214,3.6310909,2.853061,269.24361239817307,-22.822218855376,2025050300715,46,60799.30594098182,r,269.2435476038752,-22.822263600680433,6.158699035644531,1436.55,226.217,False,1492.71,3.79153,1932.91,216.021,False,590.716,43.5422,23.50669809690678,0.17097349449343527,23.46506142275218,0.002757803849997442,23.184470898514476,0.12134130006026722,24.471553158169712,0.08003057429710499
2010 VO15,485222,MBO,MBO,21164706927555919,745209495264690728,11.4369,3.6310878,2.8530414,269.2434814450638,-22.82218277469547,2025050300718,16,60799.30748932156,r,269.2434190264915,-22.82215312583056,6.081078052520752,1239.62,198.831,False,1329.03,4.14206,1411.1,192.682,False,85.331,29.4194,23.666778567974784,0.17414853687962284,23.59116301526809,0.0033838093882494692,23.526105539130853,0.148254435863315,26.572232895716173,0.3743271076235855
2010 VO15,485222,MBO,MBO,21164706927555919,745213853456925408,11.257008,3.6293948,2.841761,269.1702352790272,-22.800834177639025,2025050400421,32,60800.20815890432,i,269.1702797647834,-22.8008157226112,6.95551061630249,2809.13,394.007,False,3049.12,76.4329,4519.39,311.013,False,2418.65,39.4584,22.77857045078146,0.15228475371933908,22.68956366669873,0.02721636505133756,22.262300416360688,0.07471761998085695,22.941067477177086,0.017712945643312657
2010 VO15,485222,MBO,MBO,21164706927555919,745213853859577924,11.256701,3.6293921,2.8417425,269.1701045165707,-22.800800664559823,2025050400424,32,60800.20964617451,i,269.17011601999394,-22.80073019066449,10.103132247924805,2882.14,289.053,False,2664.8,4.94012,5465.5,243.372,False,2632.55,158.952,22.750712358336415,0.10888968915415691,22.835838430897848,0.0020127841791621687,22.05592525340371,0.04834649805692502,22.84905840864369,0.06555618450228837
2010 VO15,485222,MBO,MBO,21164706927555919,745213854529093678,11.256208,3.6293876,2.8417122,269.1698940143533,-22.80074670526141,2025050400429,29,60800.21204070437,i,269.16992611753085,-22.800716022661895,7.676011562347412,2423.84,312.558,False,2521.33,38.7576,4871.73,251.821,False,2858.38,39.5297,22.938740090016005,0.14000740126847291,22.89592573812491,0.016689813315317454,22.180791977067983,0.05612198890061157,22.75970013336433,0.015015088809543638
2010 VO15,485222,MBO,MBO,21164706927555919,745213854797529193,11.256007,3.6293857,2.8417,269.1698082406796,-22.80072471471233,2025050400431,29,60800.21301555287,i,269.1698166770862,-22.80068247731249,6.820806503295898,2055.27,299.262,False,2043.39,7.55985,3805.86,240.403,False,2566.27,159.39,23.117827782050302,0.1580909456488252,23.124121832997865,0.004016855824450258,22.448867947959663,0.06858219517604547,22.876744124167317,0.06743463926112009
2010 VO15,485222,MBO,MBO,21164706927555919,745213855455511713,11.2555065,3.6293812,2.8416693,269.1695940956253,-22.80066980252339,2025050400436,4,60800.215448670584,i,269.1696385856469,-22.800633960337088,10.1403226852417,2991.02,294.537,False,2856.09,13.3811,5173.43,245.784,False,2419.57,163.943,22.71045170033473,0.10691652635852363,22.760570244991115,0.0050867948691021075,22.115553520195846,0.05158213691343792,22.94065449158501,0.07356631061126157
2010 VO15,485222,MBO,MBO,21164706927555919,745213855858164138,11.255203,3.6293783,2.841651,269.16946428526234,-22.800636508570744,2025050400439,4,60800.21692262696,i,269.1694849781101,-22.80063055094885,6.4842729568481445,1860.66,284.378,False,1734.61,7.67919,4211.57,249.857,False,2374.76,144.317,23.225832426613295,0.16594083534453014,23.30199539476249,0.004806599090912897,22.338889986705993,0.06441274783589358,22.960950682677595,0.06598148557143721
2010 VO15,485222,MBO,MBO,21164706927555919,745213856148095048,11.254998,3.6293764,2.8416383,269.16937689216115,-22.80061409058816,2025050400441,45,60800.217914349145,i,269.16939535454657,-22.800576834282577,8.780376434326172,2353.45,265.124,False,2327.59,8.37337,4012.63,222.139,False,1893.97,148.657,22.97073758258083,0.1223118077016522,22.982733752325593,0.003905872944446936,22.391427242245967,0.06010630684855462,23.206567277773935,0.08521903038020325
2010 VO15,485222,MBO,MBO,21164706927555919,745213856535020464,11.254694,3.6293738,2.8416197,269.16924663776393,-22.80058067278751,2025050400444,15,60800.21939274868,i,269.1692520946949,-22.8005352525099,8.851289749145508,2342.77,260.658,False,2157.47,13.3437,4202.87,226.908,False,1823.62,147.486,22.975675855706417,0.12079965762851949,23.065138101023408,0.0067151519308079125,22.341135077365863,0.058617618210631224,23.24766413653402,0.08780934740048489
2010 VO15,485222,MBO,MBO,21164706927555919,745213856797689368,11.254493,3.629372,2.8416076,269.1691606824474,-22.800558616821053,2025050400446,4,60800.22036782186,i,269.16918103633606,-22.80054058581238,8.585190773010254,2180.62,252.392,False,2175.41,8.25497,3611.56,208.808,False,1405.77,159.315,23.053549964181357,0.12566660656567955,23.05614724241275,0.004120014030735431,22.505762896562054,0.06277353838980959,23.53021430749759,0.12304577826282156
2010 VO15,485222,MBO,MBO,21164706927555919,745213857200341401,11.254188,3.629369,2.841589,269.16903016183585,-22.80052512004944,2025050400449,4,60800.22184746791,i,269.1690011666915,-22.800497717814334,8.588408470153809,2565.62,294.47,False,2474.77,2.86326,4586.03,254.84,False,2255.74,110.456,22.877019119340304,0.12461577588928863,22.916162884643477,0.001256175343358628,22.246407822397778,0.06033301644486592,23.016777402805687,0.053164850622669985
2010 VO15,485222,MBO,MBO,21164706927555919,745213858156642958,11.253453,3.6293623,2.8415442,269.16871590017104,-22.800444439651365,2025050400456,36,60800.225408649734,i,269.1687650852598,-22.800389073245398,11.692435264587402,2960.87,257.426,False,2931.56,8.3564,5057.02,223.451,False,2291.86,152.126,22.721451607857333,0.09439681972441218,22.732253010095132,0.003094886455150988,22.140263317740498,0.047974665737152866,22.999529736862947,0.07206753721017094
2010 VO15,485222,MBO,MBO,21164706927555919,745213868759843203,11.242754,3.629265,2.8408954,269.1641183414758,-22.79925737195329,2025050400535,36,60800.27716282783,g,269.16412865520726,-22.79923892251747,18.310930252075195,1935.86,104.91,False,1751.22,0.725352,2371.11,103.588,False,435.204,34.7001,23.182815142605424,0.05883927044267843,23.29164824692387,0.000449709876039593,22.962620695468456,0.04743315750845262,24.803267779155377,0.08656895146311012
2010 VO15,485222,MBO,MBO,21164706927555919,745213869415203136,11.24107,3.6292496,2.8407938,269.1633919041234,-22.799068269516702,2025050400540,6,60800.28529242659,g,269.16317405229495,-22.798891727652265,9.66741943359375,-2833.96,500.433,False,nan,nan,305597.0,500.375,False,308494.0,131.48,nan,nan,nan,nan,17.687127283698338,0.0017777506109544563,17.676883195707575,0.0004627402528504065
2010 VO15,485222,MBO,MBO,21164706927555919,745213869683638515,11.240867,3.629248,2.8407817,269.1633042783796,-22.799045424472105,2025050400542,6,60800.28627210597,g,269.16317435491834,-22.798890724472777,6.674320697784424,2122.29,507.279,False,3016.51,1.1188,306932.0,509.786,False,304773.0,163.31,23.082988160704065,0.2595173878516331,22.701238073035555,0.000402691093279364,17.682394576745956,0.0018033086434194206,17.690058775010883,0.0005817824313450567
2010 VO15,485222,MBO,MBO,21164706927555919,745213870086291466,11.240559,3.629245,2.840763,269.16317129630187,-22.79901073978637,2025050400545,6,60800.28775939335,g,269.1631732169836,-22.79889187592767,5.137173652648926,-46.3907,515.61,False,-1393.3,1.73996,309891.0,520.562,False,309957.0,157.534,nan,nan,nan,nan,17.67197759140482,0.0018238445871121538,17.671746377978995,0.0005518196510140269
2010 VO15,485222,MBO,MBO,21164706927555919,745213872383721574,11.23882,3.6292293,2.8406584,269.16242110731497,-22.79881473178805,2025050400562,36,60800.29614239233,g,269.16235095025513,-22.79874334491414,12.303814888000488,2138.21,172.489,False,nan,nan,9504.95,169.396,False,7354.54,6.66405,23.07487412901608,0.087586136965447,nan,nan,21.455125386096192,0.019349850564262132,21.733611208341628,0.0009838005406031833
2010 VO15,485222,MBO,MBO,21164706927555919,745213873039605954,11.238304,3.6292245,2.8406274,269.1621983953016,-22.798756426652314,2025050400567,7,60800.29862960992,g,269.1622242086591,-22.798743546351794,10.89962100982666,1409.8,127.529,False,1316.79,3.74522,2687.05,127.239,False,1312.49,31.8962,23.527106196816113,0.09821453180026896,23.601208668415314,0.003088055627265535,22.8268106108733,0.051412509898912606,23.60476000019083,0.026385617861750664
2010 VO15,485222,MBO,MBO,21164706927555919,745213874111774876,11.23749,3.6292171,2.8405786,269.1618464220818,-22.798664169930067,2025050400575,4,60800.30255833615,g,269.1618909333742,-22.798630951583167,11.556513786315918,1655.28,141.61,False,1592.44,1.5095,2238.36,141.026,False,592.918,25.4689,23.352821311532136,0.09288525318812035,23.394842345060354,0.0010291872160826275,23.02517510720314,0.06840589883853326,24.467513357958012,0.046637994082037414
2010 VO15,485222,MBO,MBO,21164706927555919,745213874384404561,11.237283,3.6292152,2.8405662,269.16175735223464,-22.798640801554463,2025050400577,12,60800.30355237564,g,269.16177795844857,-22.798613970168308,13.04263973236084,1609.82,121.722,False,1487.26,1.91971,2109.8,121.645,False,489.866,27.8478,23.383056739588014,0.08209488443273061,23.469032748609024,0.001401435310221603,23.089396754890103,0.06260042370196084,24.674806762102193,0.061721703669677955
2010 VO15,485222,MBO,MBO,21164706927555919,745213874781815171,11.2369795,3.6292126,2.8405478,269.1616261500572,-22.798606362908856,2025050400580,2,60800.305016779865,g,269.1616379822474,-22.79857761362183,13.671636581420898,1659.45,119.129,False,1584.06,2.1813,1999.55,116.684,False,328.307,22.689,23.35008960332924,0.07794309545740791,23.400570891112856,0.0014950924928621768,23.14766930245974,0.06335827469581724,25.109299620790793,0.0750342433825923
2010 VO15,485222,MBO,MBO,21164706927555919,745424950978936894,2.6489036,3.5336726,2.5267968,260.88633040110403,-21.35888790718373,2025062100356,58,60848.09219025045,i,260.88633253340674,-21.35887619242092,13.971616744995117,5184.1,378.596,False,5653.83,4.67981,3424.54,265.393,False,-1561.25,254.098,22.11331655360751,0.07929156178425395,22.0191431201617,0.0008986897606350199,22.563494379342426,0.08414175075606593,nan,nan
2010 VO15,485222,MBO,MBO,21164706927555919,745473332822934205,6.1880836,3.509913,2.5457962,258.6646447652741,-20.975974345707623,2025070200381,14,60859.19283138591,z,258.6646026520221,-20.975880653718182,6.045219898223877,3181.16,575.186,False,nan,nan,613.066,433.903,False,-2513.15,115.674,22.643536247538794,0.19631211690903275,nan,nan,24.431231958992075,0.76843966069213,nan,nan
2010 VO15,485222,MBO,MBO,21164706927555919,745482085478695542,6.740261,3.50599,2.5520968,258.33398398224523,-20.915876217534727,2025070400057,108,60861.00012699053,z,258.33402952282825,-20.915862205581323,8.400491714477539,6096.22,732.109,False,5968.84,37.5357,11561.5,569.89,False,5859.51,216.253,21.937348383221305,0.13038854054786567,21.960275184915545,0.006827770794605445,21.242464541202715,0.05351816127958736,21.980346793994883,0.04007053957982224
2010 VO15,485222,MBO,MBO,21164706927555919,745508479625593501,8.514589,3.4927938,2.5791054,257.30986674150626,-20.723916628162748,2025071000101,36,60867.02909764819,z,257.3098481211624,-20.723877953190897,5.12407112121582,4958.13,996.894,False,5858.55,106.903,1603.48,843.427,False,-2338.57,281.389,22.16170525168071,0.218300833998489,21.980524684257528,0.019811806886382413,23.38734114472742,0.5710948956303231,nan,nan
2010 VO15,485222,MBO,MBO,21164706927555919,745508482789671605,8.517933,3.4927683,2.5791647,257.3079757870907,-20.72357149723944,2025071000124,183,60867.040678697565,z,257.30802028617774,-20.72358069915562,5.316709995269775,4540.22,862.996,False,5348.42,135.901,9024.99,716.012,False,5416.96,308.003,22.25730770498716,0.20637456481729358,22.079436255491412,0.027588080064475592,21.51138314839214,0.0861386170211409,22.06561093614191,0.06173388775491237
2010 VO15,485222,MBO,MBO,21164706927555919,745508482923889387,8.518065,3.4927673,2.5791671,257.30790097350695,-20.723557820728654,2025071000125,183,60867.04113698186,z,257.30797581131793,-20.72357010917855,5.809831619262695,4683.5,808.007,False,nan,nan,10216.0,655.732,False,6409.0,296.205,22.223573688584803,0.18731343530984146,nan,nan,21.3767977893616,0.06968989498696816,21.883024321039834,0.050179509744328964
2010 VO15,485222,MBO,MBO,21164706927555919,745508485128520033,8.520503,3.4927487,2.5792105,257.30652177935985,-20.72330537962873,2025071000142,36,60867.04957719726,z,257.3065743850817,-20.723245479351217,5.344440460205078,5051.4,923.715,False,4746.35,21.2377,6315.32,819.599,False,1989.32,330.534,22.14147062123231,0.19854117015577788,22.20910057686826,0.004858162332719621,21.899011626874454,0.14090629317151834,23.153238407028816,0.18039970275367878
2010 VO15,485222,MBO,MBO,21164706927555919,745512903194444128,8.799593,3.4905694,2.584494,257.1521037015131,-20.69327306874179,2025071100291,76,60868.03788148904,i,257.1521366689164,-20.693273356575872,5.163270473480225,2333.62,451.713,False,2333.57,22.9033,1521.02,403.259,False,-1111.43,253.301,22.97992459998635,0.21016324312234394,22.97994788587038,0.010656179400811476,23.444662674409358,0.2878547905275342,nan,nan
2010 VO15,485222,MBO,MBO,21164706927555919,745512941420283065,8.845921,3.4902108,2.5853872,257.1262489037391,-20.688356892904785,2025071100576,26,60868.20030295369,i,257.12631754407545,-20.688319212830443,5.422722339630127,3592.9,652.017,False,3482.78,7.69395,4841.04,533.309,False,2766.57,313.751,22.511387205016007,0.19703262365715207,22.545184886262795,0.0023985437477182167,22.187653313501063,0.11960919714510478,22.795145815055548,0.12313110430930707
2010 VO15,485222,MBO,MBO,21164706927555919,745512941902628150,8.846316,3.4902077,2.585395,257.1260284582045,-20.688313524249292,2025071100579,178,60868.201696801436,i,257.1260187680897,-20.688273012698843,6.165765285491943,4445.79,719.882,False,4169.84,27.3054,3607.25,630.977,False,50.9498,325.669,22.280127628850625,0.1758072163466702,22.349701562992067,0.00710973644010927,22.507059394787646,0.18991601972046102,27.132143821294868,6.939980937832472
2010 VO15,485222,MBO,MBO,21164706927555919,745517309143023694,9.075671,3.4883811,2.5900187,257.0014107876534,-20.66364731251356,2025071200350,44,60869.02812522286,r,257.0014537797397,-20.66363816449351,8.610445022583008,3095.23,355.618,False,2785.19,6.17399,2596.38,303.31,False,326.887,145.748,22.673267691700254,0.12474270169210565,22.787862954823694,0.0024067745342880253,22.8640794112862,0.1268360796486139,25.11400589833053,0.48409353921985127
2010 VO15,485222,MBO,MBO,21164706927555919,745521719311599169,9.394648,3.485817,2.596768,256.82957880565954,-20.62961747921352,2025071300440,125,60870.18600604161,i,256.82965197844646,-20.629634635762923,7.450633525848389,3205.16,428.166,False,3120.9,7.58328,1374.66,323.45,False,-1215.18,235.721,22.635375744369004,0.1450396624270503,22.664300400955135,0.0026381627089577704,23.554511733739382,0.2554678101863899,nan,nan
2010 VO15,485222,MBO,MBO,21164706927555919,745548054432055358,10.904972,3.4728997,2.6349974,256.06522583644886,-20.470525864854167,2025071900044,109,60875.97710027281,r,256.0652485164386,-20.470507564009594,13.683414459228516,2551.0,184.595,False,2392.84,0.135232,6131.72,159.214,False,3634.94,92.1459,22.883223853475524,0.07856584713551097,22.952715810160154,6.136067381194031e-05,21.931044174629612,0.028191829201490017,22.49875690102978,0.027523463388545687
2010 VO15,485222,MBO,MBO,21164706927555919,745548057250627650,10.907887,3.4728737,2.6350794,256.0638067377348,-20.47024059596597,2025071900065,109,60875.988636603346,i,256.063861604651,-20.470230665376974,10.75816535949707,3059.37,283.984,False,2772.22,1.60573,12459.0,247.372,False,9261.11,173.856,22.68591994914603,0.1007827455012496,22.792930780503845,0.0006288820065217991,21.161292035426147,0.021557165900084777,21.483342352234743,0.020382194952564603
2010 VO15,485222,MBO,MBO,21164706927555919,745561284178085022,11.685999,3.4656358,2.6593547,255.70673926082415,-20.390757201731084,2025072200309,183,60879.203940570325,g,255.70676492670262,-20.390719770806808,11.814465522766113,2799.57,235.064,False,2949.9,1.82241,3843.08,218.535,False,1050.4,77.8638,22.782271645997575,0.09116310146452429,22.72548180123875,0.0006707537776840528,22.438301415156147,0.06173989629658324,23.846613192061074,0.08048319191559293
